
=== POSTERIOR SUMMARY STATS (CODA) ===

Iterations = 1:2000
Thinning interval = 1 
Number of chains = 1 
Sample size per chain = 2000 

1. Empirical mean and standard deviation for each variable,
   plus standard error of the mean:

                   Mean        SD  Naive SE Time-series SE
NegLL         9.551e+03 9.354e+00 2.092e-01      3.368e-01
log_M        -3.216e+00 1.310e-01 2.930e-03      5.467e-03
log_q1       -5.729e+00 3.804e-01 8.505e-03      1.305e-02
log_q2       -8.002e+00 3.662e-01 8.188e-03      9.304e-03
log_q3       -5.731e+00 2.177e-01 4.867e-03      5.552e-03
log_q4       -5.670e+00 5.198e-01 1.162e-02      1.162e-02
Theta1        2.474e-02 1.037e+00 2.319e-02      2.663e-02
Theta2        1.374e-01 7.399e-01 1.655e-02      2.175e-02
Theta3       -2.523e-01 5.975e-01 1.336e-02      1.779e-02
Theta4        5.170e-01 6.616e-01 1.479e-02      2.274e-02
Theta5        1.405e+00 5.263e-01 1.177e-02      2.645e-02
Theta6        1.843e-01 1.068e+00 2.389e-02      2.820e-02
Theta7        1.493e+00 6.383e-01 1.427e-02      1.471e-02
Theta8        2.967e-01 4.960e-01 1.109e-02      1.242e-02
Theta9       -1.252e-01 5.498e-01 1.229e-02      1.352e-02
Theta10       3.910e-02 5.667e-01 1.267e-02      1.422e-02
Theta11       1.277e-01 5.295e-01 1.184e-02      1.303e-02
Theta12       3.973e-01 4.743e-01 1.061e-02      1.135e-02
Theta13       2.391e+00 1.071e+00 2.395e-02      2.816e-02
Theta14       2.007e+00 2.810e-01 6.284e-03      7.397e-03
Theta15      -5.138e-02 6.362e-01 1.423e-02      1.490e-02
Theta16       9.748e-01 5.523e-01 1.235e-02      3.344e-02
Theta17       1.759e+00 3.264e-01 7.298e-03      1.000e-02
Theta18       1.075e+00 2.568e-01 5.742e-03      6.669e-03
Theta19       9.201e-01 2.292e-01 5.125e-03      5.957e-03
Theta20      -8.652e-02 2.264e-01 5.063e-03      5.764e-03
Theta21      -4.696e-01 2.280e-01 5.097e-03      5.820e-03
Theta22      -2.608e-01 2.296e-01 5.134e-03      5.889e-03
Theta23       9.504e-01 6.614e-01 1.479e-02      1.473e-02
Theta24       1.711e-01 6.517e-01 1.457e-02      1.524e-02
Theta25      -3.013e-02 7.304e-01 1.633e-02      1.683e-02
Theta26       1.625e+00 5.694e-01 1.273e-02      1.282e-02
Theta27       2.316e+00 5.459e-01 1.221e-02      1.268e-02
Theta28       2.306e+00 5.376e-01 1.202e-02      1.126e-02
Theta29       1.144e+00 5.722e-01 1.280e-02      1.367e-02
log_k         9.163e-01 0.000e+00 0.000e+00      0.000e+00
log_mig111    7.682e+00 2.138e+00 4.781e-02      1.040e-01
log_mig121   -2.284e+00 2.994e-01 6.695e-03      8.508e-03
log_mig131   -1.094e+00 2.157e-01 4.823e-03      6.406e-03
log_mig141   -3.664e+02 2.127e+02 4.757e+00      1.016e+01
log_mig113   -3.777e+00 5.061e+00 1.132e-01      3.730e-01
log_mig123   -6.240e+00 5.806e-01 1.298e-02      1.712e-02
log_mig132    1.067e+00 1.757e-01 3.929e-03      5.021e-03
log_mig142   -3.230e+02 2.083e+02 4.657e+00      3.288e+01
log_mig114   -3.627e+02 2.132e+02 4.766e+00      8.304e+00
log_mig124   -4.121e+01 2.976e+01 6.655e-01      3.816e+00
log_mig134   -2.465e+00 2.585e-01 5.781e-03      7.191e-03
log_mig144    5.237e+00 2.805e-01 6.273e-03      7.568e-03
log_mig211    6.436e+00 5.917e-01 1.323e-02      1.607e-02
log_mig221   -2.505e+00 3.582e-01 8.010e-03      1.047e-02
log_mig231   -8.575e+00 2.812e+00 6.289e-02      1.210e-01
log_mig241   -3.645e+02 2.164e+02 4.840e+00      1.024e+01
log_mig213   -5.475e+00 3.721e+00 8.321e-02      2.035e-01
log_mig223   -7.062e+00 5.624e-01 1.258e-02      1.606e-02
log_mig232   -1.879e-01 2.195e-01 4.908e-03      6.175e-03
log_mig242   -2.747e+02 2.032e+02 4.543e+00      2.730e+01
log_mig214   -3.623e+02 2.131e+02 4.765e+00      7.937e+00
log_mig224   -4.526e+01 3.439e+01 7.690e-01      5.759e+00
log_mig234   -5.469e+00 1.263e+00 2.824e-02      4.251e-02
log_mig244    3.583e+00 3.025e-01 6.764e-03      8.632e-03
log_mig311    8.715e+00 1.769e+00 3.956e-02      7.632e-02
log_mig321   -4.651e+00 6.450e-01 1.442e-02      1.807e-02
log_mig331   -9.684e+00 2.863e+00 6.403e-02      1.379e-01
log_mig341   -3.715e+02 2.090e+02 4.672e+00      9.233e+00
log_mig313   -3.102e+00 4.013e+00 8.973e-02      2.177e-01
log_mig323   -7.103e+00 5.625e-01 1.258e-02      1.581e-02
log_mig332   -4.642e+00 7.350e-01 1.643e-02      2.243e-02
log_mig342   -3.385e+02 2.070e+02 4.629e+00      2.922e+01
log_mig314   -3.639e+02 2.149e+02 4.805e+00      8.153e+00
log_mig324   -4.941e+01 3.986e+01 8.913e-01      6.827e+00
log_mig334   -6.478e+00 1.235e+00 2.762e-02      4.770e-02
log_mig344    4.470e+00 3.659e-01 8.182e-03      1.039e-02
log_mig411    7.670e+00 1.692e+00 3.784e-02      6.468e-02
log_mig421   -3.552e+00 5.233e-01 1.170e-02      1.386e-02
log_mig431   -9.477e+00 3.172e+00 7.093e-02      1.700e-01
log_mig441   -3.621e+02 2.130e+02 4.763e+00      9.965e+00
log_mig413   -3.808e+00 3.868e+00 8.650e-02      2.146e-01
log_mig423   -6.940e+00 5.478e-01 1.225e-02      1.540e-02
log_mig432   -2.887e+00 6.301e-01 1.409e-02      3.881e-02
log_mig442   -3.121e+02 2.087e+02 4.667e+00      2.946e+01
log_mig414   -3.569e+02 2.152e+02 4.813e+00      8.385e+00
log_mig424   -4.778e+01 3.400e+01 7.602e-01      4.583e+00
log_mig434   -5.912e+00 1.186e+00 2.651e-02      3.892e-02
log_mig444    6.380e+00 4.740e-01 1.060e-02      1.283e-02
log_mig511    4.885e+00 5.146e-01 1.151e-02      1.510e-02
log_mig521   -3.224e+00 5.963e-01 1.333e-02      1.719e-02
log_mig531   -8.834e+00 2.993e+00 6.693e-02      1.873e-01
log_mig541   -3.647e+02 2.159e+02 4.828e+00      9.871e+00
log_mig513   -6.116e+00 4.098e+00 9.164e-02      2.754e-01
log_mig523   -6.300e+00 5.721e-01 1.279e-02      1.653e-02
log_mig532   -4.239e+00 1.539e+00 3.442e-02      6.850e-02
log_mig542   -3.782e+02 2.228e+02 4.982e+00      3.358e+01
log_mig514   -3.681e+02 2.137e+02 4.779e+00      8.324e+00
log_mig524   -6.160e+01 5.345e+01 1.195e+00      1.068e+01
log_mig534   -5.363e+00 1.249e+00 2.792e-02      4.043e-02
log_mig544    8.007e+00 1.224e+00 2.738e-02      4.182e-02
log_mig611    2.417e+00 1.984e-01 4.436e-03      5.799e-03
log_mig621   -1.121e-01 1.590e-01 3.555e-03      4.363e-03
log_mig631   -2.415e+00 4.246e-01 9.494e-03      1.344e-02
log_mig641   -3.922e+00 5.850e-01 1.308e-02      1.672e-02
log_mig613    1.410e+00 1.841e-01 4.117e-03      4.850e-03
log_mig623   -8.673e-01 1.043e-01 2.333e-03      2.853e-03
log_mig632   -1.460e-01 1.897e-01 4.242e-03      5.147e-03
log_mig642   -2.259e+00 3.061e-01 6.846e-03      8.537e-03
log_mig614   -3.487e+00 6.755e-01 1.511e-02      2.039e-02
log_mig624   -6.819e+00 6.395e-01 1.430e-02      1.911e-02
log_mig634   -3.323e+00 2.736e-01 6.119e-03      7.295e-03
log_mig644   -6.006e-01 1.889e-01 4.224e-03      5.358e-03
M             4.043e-02 5.116e-03 1.144e-04      2.032e-04
Myr           4.852e-01 6.139e-02 1.373e-03      2.439e-03
k             2.500e+00 0.000e+00 0.000e+00      0.000e+00
Qtotal1       5.322e-03 6.284e-03 1.405e-04      1.555e-04
Qtotal2       4.376e-03 2.547e-03 5.695e-05      6.269e-05
Qtotal3       3.478e-03 1.228e-03 2.746e-05      3.866e-05
Qtotal4       2.729e-03 1.088e-03 2.433e-05      2.785e-05
Qtotal5       6.201e-03 3.071e-03 6.867e-05      1.462e-04
Qtotal6       1.395e-02 3.981e-03 8.903e-05      2.475e-04
Qtotal7       6.442e-03 8.000e-03 1.789e-04      1.859e-04
Qtotal8       1.686e-03 8.410e-04 1.881e-05      2.173e-05
Qtotal9       4.720e-04 1.515e-04 3.387e-06      3.888e-06
Qtotal10      3.583e-04 1.380e-04 3.086e-06      3.678e-06
Qtotal11      3.178e-04 1.264e-04 2.827e-06      3.404e-06
Qtotal12      3.831e-04 1.748e-04 3.908e-06      4.603e-06
Qtotal13      4.132e-04 1.797e-04 4.019e-06      4.444e-06
Qtotal14      5.231e-04 1.776e-04 3.971e-06      3.971e-06
Qtotal15      6.073e-03 7.766e-03 1.737e-04      1.877e-04
Qtotal16      2.464e-02 4.969e-03 1.111e-04      1.359e-04
Qtotal17      3.739e-03 2.628e-03 5.877e-05      5.877e-05
Qtotal18      9.604e-03 3.952e-03 8.836e-05      1.904e-04
Qtotal19      1.912e-02 3.220e-03 7.200e-05      1.110e-04
Qtotal20      3.323e-03 7.311e-04 1.635e-05      1.873e-05
Qtotal21      9.545e-03 8.789e-04 1.965e-05      2.490e-05
Qtotal22      8.176e-03 7.269e-04 1.625e-05      2.117e-05
Qtotal23      3.006e-03 4.277e-04 9.563e-06      1.135e-05
Qtotal24      2.036e-03 1.761e-04 3.938e-06      4.881e-06
Qtotal25      2.511e-03 2.365e-04 5.289e-06      7.129e-06
Qtotal26      9.622e-03 4.114e-03 9.200e-05      1.007e-04
Qtotal27      4.397e-03 1.750e-03 3.912e-05      4.262e-05
Qtotal28      3.748e-03 1.906e-03 4.262e-05      4.262e-05
Qtotal29      3.957e-03 2.230e-03 4.986e-05      5.157e-05
Qtotal30      1.772e-02 2.757e-03 6.165e-05      7.750e-05
Qtotal31      3.536e-02 5.361e-03 1.199e-04      1.427e-04
Qtotal32      3.499e-02 5.323e-03 1.190e-04      1.461e-04
Qtotal33      1.110e-02 2.551e-03 5.703e-05      7.137e-05
F1            1.634e-01 5.770e-02 1.290e-03      1.816e-03
F2            9.873e-02 3.936e-02 8.802e-04      1.008e-03
F3            8.948e-02 4.431e-02 9.908e-04      2.110e-03
F4            1.574e-01 4.491e-02 1.004e-03      2.792e-03
F5            0.000e+00 0.000e+00 0.000e+00      0.000e+00
F6            0.000e+00 0.000e+00 0.000e+00      0.000e+00
F7            0.000e+00 0.000e+00 0.000e+00      0.000e+00
F8            0.000e+00 0.000e+00 0.000e+00      0.000e+00
F9            0.000e+00 0.000e+00 0.000e+00      0.000e+00
F10           0.000e+00 0.000e+00 0.000e+00      0.000e+00
F11           0.000e+00 0.000e+00 0.000e+00      0.000e+00
F12           4.853e-02 2.824e-02 6.315e-04      6.953e-04
F13           1.671e-01 5.902e-02 1.320e-03      1.858e-03
F14           1.897e-01 7.561e-02 1.691e-03      1.936e-03
F15           2.888e-01 1.430e-01 3.198e-03      6.811e-03
F16           5.494e-01 1.567e-01 3.505e-03      9.746e-03
F17           0.000e+00 0.000e+00 0.000e+00      0.000e+00
F18           0.000e+00 0.000e+00 0.000e+00      0.000e+00
F19           0.000e+00 0.000e+00 0.000e+00      0.000e+00
F20           0.000e+00 0.000e+00 0.000e+00      0.000e+00
F21           0.000e+00 0.000e+00 0.000e+00      0.000e+00
F22           0.000e+00 0.000e+00 0.000e+00      0.000e+00
F23           1.596e-04 1.885e-04 4.215e-06      4.665e-06
F24           1.080e-01 6.285e-02 1.405e-03      1.547e-03
F25           2.211e-01 7.807e-02 1.746e-03      2.458e-03
F26           1.749e-01 6.974e-02 1.559e-03      1.785e-03
F27           1.296e-01 6.418e-02 1.435e-03      3.056e-03
F28           2.559e-01 7.302e-02 1.633e-03      4.540e-03
F29           0.000e+00 0.000e+00 0.000e+00      0.000e+00
F30           0.000e+00 0.000e+00 0.000e+00      0.000e+00
F31           0.000e+00 0.000e+00 0.000e+00      0.000e+00
F32           0.000e+00 0.000e+00 0.000e+00      0.000e+00
F33           0.000e+00 0.000e+00 0.000e+00      0.000e+00
F34           0.000e+00 0.000e+00 0.000e+00      0.000e+00
F35           0.000e+00 0.000e+00 0.000e+00      0.000e+00
F36           8.910e-02 5.185e-02 1.159e-03      1.276e-03
F37           4.516e-01 1.594e-01 3.565e-03      5.019e-03
F38           1.429e-01 5.695e-02 1.274e-03      1.458e-03
F39           4.130e-02 2.045e-02 4.573e-04      9.738e-04
F40           3.907e-03 1.115e-03 2.493e-05      6.931e-05
F41           0.000e+00 0.000e+00 0.000e+00      0.000e+00
F42           0.000e+00 0.000e+00 0.000e+00      0.000e+00
F43           8.422e-02 3.244e-02 7.253e-04      8.645e-04
F44           7.989e-02 3.178e-02 7.107e-04      8.559e-04
F45           4.917e-02 2.244e-02 5.017e-04      5.909e-04
F46           5.269e-02 2.292e-02 5.125e-04      5.667e-04
F47           3.698e-02 1.255e-02 2.807e-04      2.807e-04
F48           0.000e+00 0.000e+00 0.000e+00      0.000e+00
F49           0.000e+00 0.000e+00 0.000e+00      0.000e+00
F50           0.000e+00 0.000e+00 0.000e+00      0.000e+00
F51           0.000e+00 0.000e+00 0.000e+00      0.000e+00
F52           0.000e+00 0.000e+00 0.000e+00      0.000e+00
F53           7.775e-03 3.877e-03 8.669e-05      1.002e-04
F54           8.422e-02 2.702e-02 6.043e-04      6.937e-04
F55           8.958e-02 3.450e-02 7.714e-04      9.195e-04
F56           8.335e-02 3.316e-02 7.415e-04      8.930e-04
F57           6.232e-02 2.844e-02 6.359e-04      7.489e-04
F58           3.637e-02 1.582e-02 3.538e-04      3.912e-04
F59           5.236e-02 1.778e-02 3.975e-04      3.975e-04
F60           0.000e+00 0.000e+00 0.000e+00      0.000e+00
F61           0.000e+00 0.000e+00 0.000e+00      0.000e+00
F62           0.000e+00 0.000e+00 0.000e+00      0.000e+00
F63           0.000e+00 0.000e+00 0.000e+00      0.000e+00
F64           0.000e+00 0.000e+00 0.000e+00      0.000e+00
F65           4.849e-02 2.418e-02 5.407e-04      6.247e-04
F66           4.849e-02 1.556e-02 3.479e-04      3.994e-04
F67           9.688e-02 3.731e-02 8.344e-04      9.946e-04
F68           6.189e-02 2.462e-02 5.506e-04      6.631e-04
F69           2.849e-02 1.300e-02 2.907e-04      3.424e-04
F70           3.188e-02 1.387e-02 3.102e-04      3.429e-04
F71           3.502e-02 1.189e-02 2.658e-04      2.658e-04
F72           0.000e+00 0.000e+00 0.000e+00      0.000e+00
F73           0.000e+00 0.000e+00 0.000e+00      0.000e+00
F74           0.000e+00 0.000e+00 0.000e+00      0.000e+00
F75           0.000e+00 0.000e+00 0.000e+00      0.000e+00
F76           0.000e+00 0.000e+00 0.000e+00      0.000e+00
F77           1.207e-01 6.018e-02 1.346e-03      1.555e-03
F78           5.467e-02 1.754e-02 3.922e-04      4.503e-04
F79           2.208e-02 8.506e-03 1.902e-04      2.267e-04
F80           5.259e-02 2.092e-02 4.679e-04      5.635e-04
F81           3.095e-02 1.412e-02 3.158e-04      3.719e-04
F82           6.221e-02 2.707e-02 6.052e-04      6.692e-04
F83           4.190e-03 1.422e-03 3.181e-05      3.181e-05
F84           0.000e+00 0.000e+00 0.000e+00      0.000e+00
F85           7.084e-02 1.559e-02 3.485e-04      3.993e-04
F86           1.062e+00 9.780e-02 2.187e-03      2.771e-03
F87           1.237e+00 1.100e-01 2.459e-03      3.203e-03
F88           1.476e-01 2.100e-02 4.695e-04      5.572e-04
F89           4.991e-02 4.317e-03 9.653e-05      1.196e-04
F90           4.728e-02 4.454e-03 9.959e-05      1.342e-04
F91           4.213e-02 8.498e-03 1.900e-04      2.324e-04
F92           0.000e+00 0.000e+00 0.000e+00      0.000e+00
F93           0.000e+00 0.000e+00 0.000e+00      0.000e+00
F94           0.000e+00 0.000e+00 0.000e+00      0.000e+00
F95           5.522e-02 2.272e-02 5.081e-04      1.095e-03
F96           1.224e-01 2.061e-02 4.608e-04      7.104e-04
F97           6.586e-02 1.449e-02 3.240e-04      3.712e-04
F98           8.646e-01 7.961e-02 1.780e-03      2.256e-03
F99           4.179e-01 3.715e-02 8.308e-04      1.082e-03
F100          2.471e-01 3.516e-02 7.861e-04      9.329e-04
F101          3.154e-01 2.728e-02 6.099e-04      7.559e-04
F102          2.441e-01 2.299e-02 5.142e-04      6.931e-04
F103          0.000e+00 0.000e+00 0.000e+00      0.000e+00
F104          0.000e+00 0.000e+00 0.000e+00      0.000e+00
F105          0.000e+00 0.000e+00 0.000e+00      0.000e+00
F106          1.167e-02 8.200e-03 1.834e-04      1.834e-04
 [ reached getOption("max.print") -- omitted 243 rows ]

2. Quantiles for each variable:

                    2.5%         25%         50%        75%      97.5%
NegLL          9.534e+03   9.545e+03   9.551e+03  9.557e+03  9.571e+03
log_M         -3.502e+00  -3.295e+00  -3.204e+00 -3.123e+00 -2.994e+00
log_q1        -6.592e+00  -5.966e+00  -5.688e+00 -5.445e+00 -5.088e+00
log_q2        -8.646e+00  -8.281e+00  -8.014e+00 -7.750e+00 -7.272e+00
log_q3        -6.146e+00  -5.881e+00  -5.733e+00 -5.577e+00 -5.310e+00
log_q4        -6.609e+00  -6.046e+00  -5.688e+00 -5.304e+00 -4.636e+00
Theta1        -1.952e+00  -6.733e-01   2.888e-02  7.229e-01  2.013e+00
Theta2        -1.183e+00  -4.105e-01   1.194e-01  6.616e-01  1.598e+00
Theta3        -1.285e+00  -6.978e-01  -2.777e-01  1.512e-01  9.657e-01
Theta4        -7.770e-01   6.569e-02   5.227e-01  9.680e-01  1.786e+00
Theta5         2.521e-01   1.091e+00   1.418e+00  1.734e+00  2.403e+00
Theta6        -1.957e+00  -5.253e-01   1.708e-01  9.012e-01  2.304e+00
Theta7         1.853e-01   1.068e+00   1.492e+00  1.961e+00  2.684e+00
Theta8        -6.864e-01  -2.713e-02   2.980e-01  6.406e-01  1.252e+00
Theta9        -1.179e+00  -5.173e-01  -1.224e-01  2.663e-01  9.467e-01
Theta10       -1.029e+00  -3.735e-01   2.433e-02  4.480e-01  1.180e+00
Theta11       -8.308e-01  -2.413e-01   1.102e-01  5.045e-01  1.158e+00
Theta12       -5.150e-01   7.431e-02   3.803e-01  7.246e-01  1.344e+00
Theta13        2.435e-01   1.698e+00   2.386e+00  3.107e+00  4.519e+00
Theta14        1.457e+00   1.816e+00   2.001e+00  2.195e+00  2.555e+00
Theta15       -1.162e+00  -5.136e-01  -8.849e-02  3.716e-01  1.289e+00
Theta16       -4.045e-01   6.936e-01   1.063e+00  1.359e+00  1.794e+00
Theta17        1.066e+00   1.548e+00   1.781e+00  1.983e+00  2.322e+00
Theta18        5.616e-01   9.048e-01   1.078e+00  1.247e+00  1.566e+00
Theta19        4.932e-01   7.575e-01   9.244e-01  1.080e+00  1.364e+00
Theta20       -5.221e-01  -2.408e-01  -8.548e-02  7.265e-02  3.432e-01
Theta21       -9.174e-01  -6.245e-01  -4.681e-01 -3.189e-01 -4.219e-02
Theta22       -6.954e-01  -4.177e-01  -2.587e-01 -1.026e-01  1.790e-01
Theta23       -3.494e-01   4.758e-01   9.529e-01  1.428e+00  2.221e+00
Theta24       -1.099e+00  -2.795e-01   1.793e-01  6.124e-01  1.437e+00
Theta25       -1.510e+00  -5.140e-01  -2.326e-02  4.691e-01  1.338e+00
Theta26        4.792e-01   1.252e+00   1.655e+00  2.048e+00  2.624e+00
Theta27        1.225e+00   1.938e+00   2.334e+00  2.714e+00  3.310e+00
Theta28        1.238e+00   1.934e+00   2.332e+00  2.695e+00  3.278e+00
Theta29        4.978e-03   7.524e-01   1.163e+00  1.554e+00  2.205e+00
log_k          9.163e-01   9.163e-01   9.163e-01  9.163e-01  9.163e-01
log_mig111     5.081e+00   6.235e+00   7.189e+00  8.582e+00  1.322e+01
log_mig121    -2.913e+00  -2.477e+00  -2.272e+00 -2.083e+00 -1.710e+00
log_mig131    -1.526e+00  -1.235e+00  -1.090e+00 -9.473e-01 -6.886e-01
log_mig141    -7.208e+02  -5.478e+02  -3.600e+02 -1.776e+02 -2.473e+01
log_mig113    -1.690e+01  -5.658e+00  -2.981e+00 -8.667e-01  3.502e+00
log_mig123    -7.463e+00  -6.592e+00  -6.198e+00 -5.834e+00 -5.232e+00
log_mig132     7.212e-01   9.488e-01   1.068e+00  1.189e+00  1.412e+00
log_mig142    -7.114e+02  -4.985e+02  -2.831e+02 -1.460e+02 -1.946e+01
log_mig114    -7.217e+02  -5.455e+02  -3.572e+02 -1.798e+02 -1.968e+01
log_mig124    -1.208e+02  -5.482e+01  -3.280e+01 -1.894e+01 -8.749e+00
log_mig134    -3.009e+00  -2.633e+00  -2.457e+00 -2.292e+00 -1.969e+00
log_mig144     4.700e+00   5.047e+00   5.235e+00  5.422e+00  5.787e+00
log_mig211     5.395e+00   6.023e+00   6.378e+00  6.809e+00  7.710e+00
log_mig221    -3.247e+00  -2.748e+00  -2.485e+00 -2.247e+00 -1.876e+00
log_mig231    -1.534e+01  -1.005e+01  -7.985e+00 -6.522e+00 -4.801e+00
log_mig241    -7.250e+02  -5.522e+02  -3.578e+02 -1.750e+02 -1.673e+01
log_mig213    -1.478e+01  -7.159e+00  -4.585e+00 -2.791e+00 -8.570e-01
log_mig223    -8.339e+00  -7.395e+00  -7.009e+00 -6.672e+00 -6.106e+00
log_mig232    -6.150e-01  -3.360e-01  -1.865e-01 -4.341e-02  2.607e-01
log_mig242    -6.981e+02  -4.207e+02  -2.205e+02 -1.056e+02 -1.296e+01
log_mig214    -7.152e+02  -5.433e+02  -3.629e+02 -1.734e+02 -1.897e+01
log_mig224    -1.388e+02  -6.384e+01  -3.417e+01 -1.864e+01 -8.592e+00
log_mig234    -8.564e+00  -6.149e+00  -5.268e+00 -4.610e+00 -3.491e+00
log_mig244     3.029e+00   3.380e+00   3.564e+00  3.781e+00  4.224e+00
log_mig311     6.334e+00   7.495e+00   8.359e+00  9.578e+00  1.299e+01
log_mig321    -5.981e+00  -5.062e+00  -4.639e+00 -4.223e+00 -3.450e+00
log_mig331    -1.711e+01  -1.105e+01  -8.960e+00 -7.654e+00 -6.023e+00
log_mig341    -7.160e+02  -5.491e+02  -3.761e+02 -1.922e+02 -2.419e+01
log_mig313    -1.257e+01  -5.182e+00  -2.501e+00 -5.545e-01  3.120e+00
log_mig323    -8.338e+00  -7.443e+00  -7.049e+00 -6.727e+00 -6.118e+00
log_mig332    -6.178e+00  -5.102e+00  -4.590e+00 -4.146e+00 -3.309e+00
log_mig342    -7.140e+02  -5.070e+02  -3.195e+02 -1.582e+02 -2.349e+01
log_mig314    -7.179e+02  -5.566e+02  -3.591e+02 -1.742e+02 -1.744e+01
log_mig324    -1.642e+02  -6.734e+01  -3.678e+01 -2.008e+01 -8.972e+00
log_mig334    -9.370e+00  -7.163e+00  -6.303e+00 -5.596e+00 -4.542e+00
log_mig344     3.816e+00   4.212e+00   4.461e+00  4.716e+00  5.198e+00
log_mig411     5.385e+00   6.450e+00   7.345e+00  8.475e+00  1.194e+01
log_mig421    -4.600e+00  -3.897e+00  -3.547e+00 -3.198e+00 -2.540e+00
log_mig431    -1.777e+01  -1.081e+01  -8.706e+00 -7.268e+00 -5.656e+00
log_mig441    -7.252e+02  -5.427e+02  -3.563e+02 -1.748e+02 -2.066e+01
log_mig413    -1.294e+01  -5.719e+00  -3.148e+00 -1.347e+00  2.373e+00
log_mig423    -8.139e+00  -7.276e+00  -6.908e+00 -6.565e+00 -5.963e+00
log_mig432    -4.741e+00  -3.104e+00  -2.755e+00 -2.490e+00 -2.112e+00
log_mig442    -7.106e+02  -4.903e+02  -2.788e+02 -1.285e+02 -1.306e+01
log_mig414    -7.161e+02  -5.397e+02  -3.578e+02 -1.646e+02 -1.824e+01
log_mig424    -1.365e+02  -6.495e+01  -3.898e+01 -2.142e+01 -8.685e+00
log_mig434    -8.698e+00  -6.612e+00  -5.751e+00 -5.055e+00 -4.056e+00
log_mig444     5.524e+00   6.056e+00   6.350e+00  6.681e+00  7.407e+00
log_mig511     3.974e+00   4.528e+00   4.852e+00  5.200e+00  5.974e+00
log_mig521    -4.466e+00  -3.611e+00  -3.192e+00 -2.821e+00 -2.112e+00
log_mig531    -1.674e+01  -1.031e+01  -8.156e+00 -6.683e+00 -4.927e+00
log_mig541    -7.201e+02  -5.567e+02  -3.618e+02 -1.772e+02 -1.517e+01
log_mig513    -1.696e+01  -7.547e+00  -5.078e+00 -3.413e+00 -1.466e+00
log_mig523    -7.534e+00  -6.652e+00  -6.261e+00 -5.905e+00 -5.278e+00
log_mig532    -8.186e+00  -5.072e+00  -3.913e+00 -3.113e+00 -2.178e+00
log_mig542    -7.252e+02  -5.776e+02  -3.791e+02 -1.790e+02 -1.378e+01
log_mig514    -7.218e+02  -5.537e+02  -3.621e+02 -1.830e+02 -2.195e+01
log_mig524    -2.038e+02  -8.453e+01  -4.462e+01 -2.415e+01 -8.537e+00
log_mig534    -8.365e+00  -6.077e+00  -5.172e+00 -4.497e+00 -3.345e+00
log_mig544     6.155e+00   7.139e+00   7.786e+00  8.669e+00  1.100e+01
log_mig611     2.036e+00   2.283e+00   2.413e+00  2.551e+00  2.816e+00
log_mig621    -4.220e-01  -2.187e-01  -1.109e-01 -5.526e-03  1.933e-01
log_mig631    -3.409e+00  -2.661e+00  -2.368e+00 -2.109e+00 -1.711e+00
log_mig641    -5.238e+00  -4.274e+00  -3.867e+00 -3.502e+00 -2.953e+00
log_mig613     1.063e+00   1.285e+00   1.409e+00  1.538e+00  1.783e+00
log_mig623    -1.073e+00  -9.361e-01  -8.634e-01 -7.977e-01 -6.616e-01
log_mig632    -5.370e-01  -2.700e-01  -1.391e-01 -1.649e-02  1.938e-01
log_mig642    -2.860e+00  -2.465e+00  -2.252e+00 -2.038e+00 -1.704e+00
log_mig614    -5.002e+00  -3.879e+00  -3.426e+00 -3.022e+00 -2.331e+00
log_mig624    -8.196e+00  -7.228e+00  -6.771e+00 -6.362e+00 -5.712e+00
log_mig634    -3.875e+00  -3.502e+00  -3.323e+00 -3.140e+00 -2.790e+00
log_mig644    -9.491e-01  -7.375e-01  -6.107e-01 -4.778e-01 -2.129e-01
M              3.014e-02   3.706e-02   4.059e-02  4.401e-02  5.009e-02
Myr            3.617e-01   4.447e-01   4.870e-01  5.281e-01  6.011e-01
k              2.500e+00   2.500e+00   2.500e+00  2.500e+00  2.500e+00
Qtotal1        4.746e-04   1.749e-03   3.329e-03  6.449e-03  2.227e-02
Qtotal2        1.353e-03   2.401e-03   3.765e-03  5.724e-03  1.091e-02
Qtotal3        1.372e-03   2.564e-03   3.386e-03  4.318e-03  6.169e-03
Qtotal4        1.210e-03   1.884e-03   2.564e-03  3.375e-03  5.261e-03
Qtotal5        1.848e-03   3.811e-03   5.694e-03  8.153e-03  1.334e-02
Qtotal6        4.914e-03   1.142e-02   1.414e-02  1.675e-02  2.118e-02
Qtotal7        5.373e-04   1.984e-03   3.854e-03  7.910e-03  2.660e-02
Qtotal8        5.404e-04   1.031e-03   1.516e-03  2.179e-03  3.704e-03
Qtotal9        2.668e-04   3.596e-04   4.381e-04  5.543e-04  8.398e-04
Qtotal10       1.759e-04   2.532e-04   3.310e-04  4.306e-04  6.946e-04
Qtotal11       1.507e-04   2.213e-04   2.950e-04  3.888e-04  6.169e-04
Qtotal12       1.624e-04   2.497e-04   3.452e-04  4.817e-04  8.152e-04
Qtotal13       1.949e-04   2.779e-04   3.735e-04  4.993e-04  8.758e-04
Qtotal14       3.129e-04   3.955e-04   4.762e-04  6.061e-04  9.901e-04
Qtotal15       5.087e-04   1.907e-03   3.615e-03  7.249e-03  2.569e-02
Qtotal16       1.643e-02   2.100e-02   2.416e-02  2.765e-02  3.537e-02
Qtotal17       1.133e-03   1.953e-03   2.905e-03  4.556e-03  1.087e-02
Qtotal18       2.316e-03   6.749e-03   9.484e-03  1.245e-02  1.720e-02
Qtotal19       1.244e-02   1.702e-02   1.912e-02  2.143e-02  2.500e-02
Qtotal20       2.142e-03   2.791e-03   3.237e-03  3.783e-03  4.943e-03
Qtotal21       7.804e-03   8.960e-03   9.536e-03  1.014e-02  1.121e-02
Qtotal22       6.696e-03   7.686e-03   8.191e-03  8.669e-03  9.584e-03
Qtotal23       2.225e-03   2.705e-03   2.974e-03  3.278e-03  3.939e-03
Qtotal24       1.716e-03   1.917e-03   2.029e-03  2.147e-03  2.393e-03
Qtotal25       2.094e-03   2.338e-03   2.494e-03  2.670e-03  3.009e-03
Qtotal26       4.665e-03   6.815e-03   8.605e-03  1.122e-02  2.062e-02
Qtotal27       2.013e-03   3.129e-03   4.064e-03  5.275e-03  8.869e-03
Qtotal28       1.387e-03   2.384e-03   3.278e-03  4.673e-03  8.712e-03
Qtotal29       1.348e-03   2.367e-03   3.386e-03  4.971e-03  9.696e-03
Qtotal30       1.243e-02   1.586e-02   1.767e-02  1.956e-02  2.316e-02
Qtotal31       2.557e-02   3.163e-02   3.519e-02  3.883e-02  4.672e-02
Qtotal32       2.464e-02   3.139e-02   3.493e-02  3.858e-02  4.534e-02
Qtotal33       6.998e-03   9.228e-03   1.086e-02  1.265e-02  1.670e-02
F1             6.446e-02   1.205e-01   1.591e-01  2.029e-01  2.899e-01
F2             4.378e-02   6.816e-02   9.276e-02  1.221e-01  1.903e-01
F3             2.667e-02   5.500e-02   8.216e-02  1.176e-01  1.924e-01
F4             5.543e-02   1.288e-01   1.594e-01  1.889e-01  2.389e-01
F5             0.000e+00   0.000e+00   0.000e+00  0.000e+00  0.000e+00
F6             0.000e+00   0.000e+00   0.000e+00  0.000e+00  0.000e+00
F7             0.000e+00   0.000e+00   0.000e+00  0.000e+00  0.000e+00
F8             0.000e+00   0.000e+00   0.000e+00  0.000e+00  0.000e+00
F9             0.000e+00   0.000e+00   0.000e+00  0.000e+00  0.000e+00
F10            0.000e+00   0.000e+00   0.000e+00  0.000e+00  0.000e+00
F11            0.000e+00   0.000e+00   0.000e+00  0.000e+00  0.000e+00
F12            1.500e-02   2.663e-02   4.175e-02  6.348e-02  1.210e-01
F13            6.593e-02   1.232e-01   1.628e-01  2.075e-01  2.965e-01
F14            8.409e-02   1.309e-01   1.782e-01  2.345e-01  3.656e-01
F15            8.610e-02   1.775e-01   2.652e-01  3.798e-01  6.212e-01
F16            1.935e-01   4.495e-01   5.565e-01  6.595e-01  8.337e-01
F17            0.000e+00   0.000e+00   0.000e+00  0.000e+00  0.000e+00
F18            0.000e+00   0.000e+00   0.000e+00  0.000e+00  0.000e+00
F19            0.000e+00   0.000e+00   0.000e+00  0.000e+00  0.000e+00
F20            0.000e+00   0.000e+00   0.000e+00  0.000e+00  0.000e+00
F21            0.000e+00   0.000e+00   0.000e+00  0.000e+00  0.000e+00
F22            0.000e+00   0.000e+00   0.000e+00  0.000e+00  0.000e+00
F23            1.424e-05   5.248e-05   9.986e-05  1.935e-04  6.680e-04
F24            3.339e-02   5.926e-02   9.292e-02  1.413e-01  2.692e-01
F25            8.722e-02   1.630e-01   2.153e-01  2.746e-01  3.923e-01
F26            7.756e-02   1.208e-01   1.643e-01  2.163e-01  3.372e-01
F27            3.863e-02   7.966e-02   1.190e-01  1.704e-01  2.787e-01
F28            9.013e-02   2.094e-01   2.592e-01  3.072e-01  3.884e-01
F29            0.000e+00   0.000e+00   0.000e+00  0.000e+00  0.000e+00
F30            0.000e+00   0.000e+00   0.000e+00  0.000e+00  0.000e+00
F31            0.000e+00   0.000e+00   0.000e+00  0.000e+00  0.000e+00
F32            0.000e+00   0.000e+00   0.000e+00  0.000e+00  0.000e+00
F33            0.000e+00   0.000e+00   0.000e+00  0.000e+00  0.000e+00
F34            0.000e+00   0.000e+00   0.000e+00  0.000e+00  0.000e+00
F35            0.000e+00   0.000e+00   0.000e+00  0.000e+00  0.000e+00
F36            2.754e-02   4.889e-02   7.665e-02  1.165e-01  2.221e-01
F37            1.781e-01   3.329e-01   4.397e-01  5.607e-01  8.011e-01
F38            6.334e-02   9.862e-02   1.342e-01  1.767e-01  2.754e-01
F39            1.231e-02   2.538e-02   3.792e-02  5.430e-02  8.882e-02
F40            1.376e-03   3.197e-03   3.958e-03  4.690e-03  5.929e-03
F41            0.000e+00   0.000e+00   0.000e+00  0.000e+00  0.000e+00
F42            0.000e+00   0.000e+00   0.000e+00  0.000e+00  0.000e+00
F43            4.134e-02   5.952e-02   7.779e-02  1.012e-01  1.633e-01
F44            3.790e-02   5.564e-02   7.418e-02  9.774e-02  1.551e-01
F45            2.084e-02   3.205e-02   4.431e-02  6.183e-02  1.046e-01
F46            2.486e-02   3.543e-02   4.763e-02  6.368e-02  1.117e-01
F47            2.212e-02   2.796e-02   3.366e-02  4.285e-02  6.999e-02
F48            0.000e+00   0.000e+00   0.000e+00  0.000e+00  0.000e+00
F49            0.000e+00   0.000e+00   0.000e+00  0.000e+00  0.000e+00
F50            0.000e+00   0.000e+00   0.000e+00  0.000e+00  0.000e+00
F51            0.000e+00   0.000e+00   0.000e+00  0.000e+00  0.000e+00
F52            0.000e+00   0.000e+00   0.000e+00  0.000e+00  0.000e+00
F53            2.491e-03   4.752e-03   6.988e-03  1.005e-02  1.708e-02
F54            4.761e-02   6.416e-02   7.817e-02  9.891e-02  1.498e-01
F55            4.397e-02   6.331e-02   8.274e-02  1.076e-01  1.737e-01
F56            3.954e-02   5.806e-02   7.739e-02  1.020e-01  1.618e-01
 [ reached getOption("max.print") -- omitted 293 rows ]


=== EFFECTIVE SAMPLE SIZE (ESS) ===
       NegLL        log_M       log_q1       log_q2       log_q3       log_q4       Theta1       Theta2       Theta3       Theta4       Theta5 
   771.36276    574.42021    849.12222   1549.00406   1537.14840   2000.00000   1516.48615   1157.43501   1127.55137    846.63292    395.92556 
      Theta6       Theta7       Theta8       Theta9      Theta10      Theta11      Theta12      Theta13      Theta14      Theta15      Theta16 
  1434.97935   1882.37297   1593.68203   1653.88302   1588.05982   1652.23977   1746.79429   1447.09656   1443.65285   1824.30536    272.74294 
     Theta17      Theta18      Theta19      Theta20      Theta21      Theta22      Theta23      Theta24      Theta25      Theta26      Theta27 
  1064.73281   1482.84583   1480.54935   1543.07842   1534.39381   1519.96653   2016.11020   1827.89150   1883.18081   1973.17630   1854.30767 
     Theta28      Theta29        log_k   log_mig111   log_mig121   log_mig131   log_mig141   log_mig113   log_mig123   log_mig132   log_mig142 
  2281.33052   1753.00505      0.00000    422.92157   1238.26335   1133.43368    438.02840    184.11264   1149.73346   1224.41203     40.12680 
  log_mig114   log_mig124   log_mig134   log_mig144   log_mig211   log_mig221   log_mig231   log_mig241   log_mig213   log_mig223   log_mig232 
   658.86006     60.82230   1292.58781   1374.03098   1355.40403   1170.30205    540.32067    446.71076    334.29892   1226.64782   1263.85654 
  log_mig242   log_mig214   log_mig224   log_mig234   log_mig244   log_mig311   log_mig321   log_mig331   log_mig341   log_mig313   log_mig323 
    55.36184    721.01440     35.66653    882.39845   1228.01102    537.39895   1274.59098    431.36934    512.13501    339.72864   1264.98239 
  log_mig332   log_mig342   log_mig314   log_mig324   log_mig334   log_mig344   log_mig411   log_mig421   log_mig431   log_mig441   log_mig413 
  1073.42684     50.17989    694.53870     34.09049    670.50961   1239.61808    684.43366   1425.29516    348.20803    456.87387    324.95204 
  log_mig423   log_mig432   log_mig442   log_mig414   log_mig424   log_mig434   log_mig444   log_mig511   log_mig521   log_mig531   log_mig541 
  1265.20832    263.55215     50.18321    658.93452     55.04148    928.23702   1365.03360   1162.25771   1203.73646    255.35411    478.41464 
  log_mig513   log_mig523   log_mig532   log_mig542   log_mig514   log_mig524   log_mig534   log_mig544   log_mig611   log_mig621   log_mig631 
   221.53530   1197.35680    504.82590     44.02065    659.19916     25.02887    954.02771    857.27124   1170.03177   1327.69625    997.76608 
  log_mig641   log_mig613   log_mig623   log_mig632   log_mig642   log_mig614   log_mig624   log_mig634   log_mig644            M          Myr 
  1224.59421   1441.09064   1337.90582   1359.03837   1285.93198   1097.76824   1119.99182   1406.89236   1242.89468    633.71697    633.71680 
           k      Qtotal1      Qtotal2      Qtotal3      Qtotal4      Qtotal5      Qtotal6      Qtotal7      Qtotal8      Qtotal9     Qtotal10 
     0.00000   1632.60086   1650.15697   1009.11160   1525.51136    441.10328    258.68656   1852.07831   1497.96236   1517.66629   1407.65572 
    Qtotal11     Qtotal12     Qtotal13     Qtotal14     Qtotal15     Qtotal16     Qtotal17     Qtotal18     Qtotal19     Qtotal20     Qtotal21 
  1378.98348   1441.79262   1635.89558   2000.00000   1711.07727   1337.24963   2000.00000    430.85360    841.38882   1523.33127   1245.81038 
    Qtotal22     Qtotal23     Qtotal24     Qtotal25     Qtotal26     Qtotal27     Qtotal28     Qtotal29     Qtotal30     Qtotal31     Qtotal32 
  1179.04503   1420.26364   1302.03790   1100.80767   1669.72114   1685.26130   2000.00000   1869.14829   1265.57837   1410.40143   1328.31121 
    Qtotal33           F1           F2           F3           F4           F5           F6           F7           F8           F9          F10 
  1277.14718   1009.11180   1525.51044    441.10351    258.68598      0.00000      0.00000      0.00000      0.00000      0.00000      0.00000 
         F11          F12          F13          F14          F15          F16          F17          F18          F19          F20          F21 
     0.00000   1650.15598   1009.11159   1525.51134    441.10370    258.68594      0.00000      0.00000      0.00000      0.00000      0.00000 
         F22          F23          F24          F25          F26          F27          F28          F29          F30          F31          F32 
     0.00000   1632.60146   1650.15629   1009.11222   1525.51079    441.10390    258.68598      0.00000      0.00000      0.00000      0.00000 
         F33          F34          F35          F36          F37          F38          F39          F40          F41          F42          F43 
     0.00000      0.00000      0.00000   1650.15673   1009.11181   1525.51211    441.10344    258.68595      0.00000      0.00000   1407.65599 
         F44          F45          F46          F47          F48          F49          F50          F51          F52          F53          F54 
  1378.98284   1441.79233   1635.89613   2000.00000      0.00000      0.00000      0.00000      0.00000      0.00000   1497.96178   1517.66707 
         F55          F56          F57          F58          F59          F60          F61          F62          F63          F64          F65 
  1407.65469   1378.98272   1441.79274   1635.89550   2000.00000      0.00000      0.00000      0.00000      0.00000      0.00000   1497.96226 
         F66          F67          F68          F69          F70          F71          F72          F73          F74          F75          F76 
  1517.66602   1407.65633   1378.98330   1441.79256   1635.89616   2000.00000      0.00000      0.00000      0.00000      0.00000      0.00000 
         F77          F78          F79          F80          F81          F82          F83          F84          F85          F86          F87 
  1497.96219   1517.66620   1407.65560   1378.98282   1441.79219   1635.89591   2000.00000      0.00000   1523.33136   1245.80806   1179.04924 
         F88          F89          F90          F91          F92          F93          F94          F95          F96          F97          F98 
  1420.26618   1302.03677   1100.80931   1337.24978      0.00000      0.00000      0.00000    430.85424    841.38804   1523.33099   1245.80898 
         F99         F100         F101         F102         F103         F104         F105         F106         F107         F108         F109 
  1179.04475   1420.26314   1302.03629   1100.81043      0.00000      0.00000      0.00000   2000.00000    430.85377    841.38853   1523.33137 
        F110         F111         F112         F113         F114         F115         F116         F117         F118         F119         F120 
  1245.80877   1179.04731   1420.26259   1302.03560   1100.80907   1337.24977      0.00000      0.00000      0.00000    430.85420    841.38841 
        F121         F122         F123         F124         F125         F126         F127         F128         F129         F130         F131 
  1523.33086   1245.80907   1179.04580   1420.26291   1302.03607   1100.80861   1869.14829   1265.57816   1410.40202   1328.31100   1277.14884 
        F132         F133         F134         F135         F136         F137         F138         F139         F140         F141         F142 
     0.00000      0.00000      0.00000      0.00000   1669.72089   1685.26114   2000.00000   1869.14797   1265.57951   1410.40199   1328.31068 
        F143         F144         F145         F146         F147         F148         F149         F150         F151         F152         F153 
  1277.14759      0.00000      0.00000      0.00000      0.00000   1669.72141   1685.26067   2000.00000   1869.14840   1265.57791   1410.40168 
        F154         F155         F156         F157         F158         F159         F160         F161         F162         F163         F164 
  1328.31107   1277.14772      0.00000      0.00000      0.00000      0.00000   1669.72099   1685.26107   2000.00000   1869.14862   1265.57919 
        F165         F166         F167         F168       Mig111       Mig121       Mig131       Mig141       Mig112       Mig122       Mig132 
  1410.40202   1328.31108   1277.14863      0.00000   1004.79350   1257.46846   1197.47862   2000.00000    994.76550   1259.80738   1239.34771 
      Mig142       Mig113       Mig123       Mig133       Mig143       Mig114       Mig124       Mig134       Mig144       Mig211       Mig221 
  2000.00000   1352.92971   1270.21143   1206.98430   1405.65352   1148.03148   1616.75811   1354.66539   1405.70852   1554.64591   1205.89110 
      Mig231       Mig241       Mig212       Mig222       Mig232       Mig242       Mig213       Mig223       Mig233       Mig243       Mig214 
  1126.64288   2000.00000   1564.67240   1205.79583   1259.81076   1668.90682   1328.66989   1400.86248   1254.07682   1286.03778   2000.00000 
      Mig224       Mig234       Mig244       Mig311       Mig321       Mig331       Mig341       Mig312       Mig322       Mig332       Mig342 
  1116.98694   1437.51302   1285.99856   1409.33712    864.75155   1568.12964   2000.00000   1355.40770    867.39020   1101.51518   1667.12381 
      Mig313       Mig323       Mig333       Mig343       Mig314       Mig324       Mig334       Mig344       Mig411       Mig421       Mig431 
  1179.66583   1429.79463   1119.88756   1282.92656   2000.00000   1554.82738   1300.58767   1282.90049   1177.68135   1413.78280   1274.57775 
      Mig441       Mig412       Mig422       Mig432       Mig442       Mig413       Mig423       Mig433       Mig443       Mig414       Mig424 
  2000.00000   1184.78939   1413.61504    650.13547   1157.34518   1437.25607   1433.51680    655.88877   1429.25172   1497.32191   1190.02051 
      Mig434       Mig444       Mig511       Mig521       Mig531       Mig541       Mig512       Mig522       Mig532       Mig542       Mig513 
  1242.85498   1430.73030   1327.93462   1340.62013   1128.05458   2000.00000   1336.12764   1335.71219    597.78979   2000.00000   1376.33663 
      Mig523       Mig533       Mig543       Mig514       Mig524       Mig534       Mig544       Mig611       Mig621       Mig631       Mig641 
  1411.86324    663.96003   1384.43475   2000.00000    856.02787   1490.81535   1381.78452   1304.16136   1316.21221   1164.27160   1411.54406 
      Mig612       Mig622       Mig632       Mig642       Mig613       Mig623       Mig633       Mig643       Mig614       Mig624       Mig634 
  1218.45035   1346.47496   1374.22377   1327.07907   1366.83812   1298.95286   1375.89725   1255.53521   1288.41269   1306.34586   1488.43173 
      Mig644  Log_MagEff1  Log_MagEff2  Log_MagEff3  Log_MagEff4  Log_MagEff5  Log_MagEff6  Log_MagEff7  Log_MagEff8  Log_MagEff9 Log_MagEff10 
  1234.58008   1660.12549    898.94119   1320.52348    712.61613    208.98992   2000.00000    868.43534   1734.91959    757.02936    184.69289 
Log_MagEff11 Log_MagEff12 Log_MagEff13 Log_MagEff14 Log_MagEff15 Log_MagEff16 Log_MagEff17 Log_MagEff18 Log_MagEff19 Log_MagEff20 Log_MagEff21 
  2000.00000    848.37885   1425.20925    822.71379    593.83296   1854.55508   1675.42119   1577.23545   1427.96301   1501.27924   1538.19469 
Log_MagEff22 Log_MagEff23 Log_MagEff24 Log_MagEff25 Log_MagEff26 Log_MagEff27 Log_MagEff28 Log_MagEff29 Log_MagEff30 Log_MagEff31 Log_MagEff32 
  2000.00000   2000.00000   1439.96867   1489.36197   1424.98748   1466.26480   1518.83874   1677.43935   2000.00000   2000.00000   1475.11523 
Log_MagEff33 Log_MagEff34 Log_MagEff35 Log_MagEff36 Log_MagEff37 Log_MagEff38 Log_MagEff39 Log_MagEff40 Log_MagEff41 Log_MagEff42 Log_MagEff43 
  1424.90604   1512.82461   1434.38013   1382.08837   1589.60302   1453.66051   1755.04145   1363.91983   1329.45740   1338.74227   1483.11781 
Log_MagEff44 Log_MagEff45 Log_MagEff46 Log_MagEff47 Log_MagEff48 Log_MagEff49 Log_MagEff50 Log_MagEff51 Log_MagEff52 Log_MagEff53 Log_MagEff54 
  1479.82896   2000.00000    365.84654   1059.32255   1477.09994   1357.91963   1351.46813   1410.27658   1409.77652   1974.86355   2000.00000 
Log_MagEff55 Log_MagEff56 Log_MagEff57 Log_MagEff58 Log_MagEff59 Log_MagEff60 Log_MagEff61 Log_MagEff62 Log_MagEff63 Log_MagEff64 Log_MagEff65 
   263.62660   1073.01733   1548.38373   1306.68039   1100.36197   2000.00000   1589.45942    276.42884   1028.89961   1645.11280   1339.47333 
Log_MagEff66 Log_MagEff67 Log_MagEff68 Log_MagEff69 Log_MagEff70 Log_MagEff71 Log_MagEff72 Log_MagEff73 Log_MagEff74 Log_MagEff75 Log_MagEff76 
   911.04052   1508.11903   1385.56654   1214.75338   1708.57733   2000.00000   1393.45546   1538.58084   1862.61094   1640.08337   1825.46893 
Log_MagEff77 Log_MagEff78 Log_MagEff79 Log_MagEff80 Log_MagEff81 Log_MagEff82 Log_MagEff83 Log_MagEff84 Log_MagEff85 
  1804.24122   1436.73103   1545.49753   1400.06707   1710.39718   1479.64924   1800.12947   2192.32337   1455.56213 

=== GEWEKE CONVERGENCE DIAGNOSTIC ===

Fraction in 1st window = 0.1
Fraction in 2nd window = 0.5 

       NegLL        log_M       log_q1       log_q2       log_q3       log_q4       Theta1       Theta2       Theta3       Theta4       Theta5 
   -1.298793     0.732418    -1.059336    -0.227781    -0.755872    -0.156640     0.578617     1.269808     1.529341     0.623945    -0.386984 
      Theta6       Theta7       Theta8       Theta9      Theta10      Theta11      Theta12      Theta13      Theta14      Theta15      Theta16 
    1.347686     0.491739    -0.769111    -0.999637     0.717994     0.767256     0.855140     0.528711     0.864355     0.099552     1.078230 
     Theta17      Theta18      Theta19      Theta20      Theta21      Theta22      Theta23      Theta24      Theta25      Theta26      Theta27 
    0.769940     0.539615     0.747820     0.799004     0.546450     0.126753     0.140252    -0.064943    -0.244668     0.360781    -0.571424 
     Theta28      Theta29        log_k   log_mig111   log_mig121   log_mig131   log_mig141   log_mig113   log_mig123   log_mig132   log_mig142 
    0.402788    -0.425369          NaN    -1.231454    -1.083393    -1.252295    -0.558027    -0.914975    -0.315790    -0.231506     0.214138 
  log_mig114   log_mig124   log_mig134   log_mig144   log_mig211   log_mig221   log_mig231   log_mig241   log_mig213   log_mig223   log_mig232 
   -0.937353     1.336728     0.312441     0.424683     0.216696    -0.339732     0.245702    -0.978949    -1.421367     0.081146    -0.532887 
  log_mig242   log_mig214   log_mig224   log_mig234   log_mig244   log_mig311   log_mig321   log_mig331   log_mig341   log_mig313   log_mig323 
   -0.655980    -0.340148     1.239256    -0.191828     0.357745     0.239928     0.679008     3.467927     1.090589     1.091347     1.395194 
  log_mig332   log_mig342   log_mig314   log_mig324   log_mig334   log_mig344   log_mig411   log_mig421   log_mig431   log_mig441   log_mig413 
    1.111541     1.452833     0.828029     0.781234    -0.817002     0.853083    -0.619010     1.574422     0.915415    -1.593068     0.265116 
  log_mig423   log_mig432   log_mig442   log_mig414   log_mig424   log_mig434   log_mig444   log_mig511   log_mig521   log_mig531   log_mig541 
   -1.714223    -1.077340    -0.627357     0.880995    -1.520559     0.819882    -0.289192     0.335668     1.253096     1.520619    -0.089156 
  log_mig513   log_mig523   log_mig532   log_mig542   log_mig514   log_mig524   log_mig534   log_mig544   log_mig611   log_mig621   log_mig631 
   -1.057396    -0.980766     1.508224     0.283768     0.818674     2.213321     2.068574    -0.288465    -0.286204    -0.609363    -0.364501 
  log_mig641   log_mig613   log_mig623   log_mig632   log_mig642   log_mig614   log_mig624   log_mig634   log_mig644            M          Myr 
    0.237966    -0.786995     0.423342     1.362350     0.583591    -0.304207     0.641835    -0.317279     0.168098     0.549881     0.549881 
           k      Qtotal1      Qtotal2      Qtotal3      Qtotal4      Qtotal5      Qtotal6      Qtotal7      Qtotal8      Qtotal9     Qtotal10 
         NaN     0.396661     1.026486    -1.026412     1.368364     0.350315    -0.461629     0.920703     0.179794    -1.495559    -0.308137 
    Qtotal11     Qtotal12     Qtotal13     Qtotal14     Qtotal15     Qtotal16     Qtotal17     Qtotal18     Qtotal19     Qtotal20     Qtotal21 
   -1.700139     0.263772     0.720655     0.968179     0.247520     0.195948    -0.593264     0.861653     0.507840    -0.678236    -0.317640 
    Qtotal22     Qtotal23     Qtotal24     Qtotal25     Qtotal26     Qtotal27     Qtotal28     Qtotal29     Qtotal30     Qtotal31     Qtotal32 
    0.158110     0.068692    -0.462490    -2.232018     0.448276    -0.123004    -0.581148    -0.156554     0.746922    -2.450463     0.876290 
    Qtotal33           F1           F2           F3           F4           F5           F6           F7           F8           F9          F10 
   -1.807849    -1.026415     1.368366     0.350314    -0.461628          NaN          NaN          NaN          NaN          NaN          NaN 
         F11          F12          F13          F14          F15          F16          F17          F18          F19          F20          F21 
         NaN     1.026489    -1.026412     1.368364     0.350314    -0.461628          NaN          NaN          NaN          NaN          NaN 
         F22          F23          F24          F25          F26          F27          F28          F29          F30          F31          F32 
         NaN     0.396664     1.026484    -1.026417     1.368363     0.350313    -0.461628          NaN          NaN          NaN          NaN 
         F33          F34          F35          F36          F37          F38          F39          F40          F41          F42          F43 
         NaN          NaN          NaN     1.026487    -1.026413     1.368365     0.350314    -0.461628          NaN          NaN    -0.308136 
         F44          F45          F46          F47          F48          F49          F50          F51          F52          F53          F54 
   -1.700138     0.263768     0.720660     0.968181          NaN          NaN          NaN          NaN          NaN     0.179793    -1.495558 
         F55          F56          F57          F58          F59          F60          F61          F62          F63          F64          F65 
   -0.308144    -1.700142     0.263773     0.720654     0.968173          NaN          NaN          NaN          NaN          NaN     0.179791 
         F66          F67          F68          F69          F70          F71          F72          F73          F74          F75          F76 
   -1.495557    -0.308133    -1.700141     0.263772     0.720660     0.968178          NaN          NaN          NaN          NaN          NaN 
         F77          F78          F79          F80          F81          F82          F83          F84          F85          F86          F87 
    0.179794    -1.495556    -0.308139    -1.700137     0.263774     0.720658     0.968177          NaN    -0.678241    -0.317640     0.158103 
         F88          F89          F90          F91          F92          F93          F94          F95          F96          F97          F98 
    0.068688    -0.462490    -2.232013     0.195948          NaN          NaN          NaN     0.861658     0.507827    -0.678231    -0.317653 
         F99         F100         F101         F102         F103         F104         F105         F106         F107         F108         F109 
    0.158104     0.068695    -0.462499    -2.232018          NaN          NaN          NaN    -0.593262     0.861656     0.507833    -0.678237 
        F110         F111         F112         F113         F114         F115         F116         F117         F118         F119         F120 
   -0.317644     0.158120     0.068691    -0.462486    -2.232011     0.195954          NaN          NaN          NaN     0.861659     0.507836 
        F121         F122         F123         F124         F125         F126         F127         F128         F129         F130         F131 
   -0.678232    -0.317642     0.158109     0.068695    -0.462467    -2.231997    -0.156555     0.746930    -2.450458     0.876291    -1.807840 
        F132         F133         F134         F135         F136         F137         F138         F139         F140         F141         F142 
         NaN          NaN          NaN          NaN     0.448272    -0.123008    -0.581153    -0.156557     0.746927    -2.450461     0.876296 
        F143         F144         F145         F146         F147         F148         F149         F150         F151         F152         F153 
   -1.807822          NaN          NaN          NaN          NaN     0.448272    -0.123012    -0.581148    -0.156557     0.746929    -2.450464 
        F154         F155         F156         F157         F158         F159         F160         F161         F162         F163         F164 
    0.876289    -1.807851          NaN          NaN          NaN          NaN     0.448271    -0.123010    -0.581149    -0.156561     0.746931 
        F165         F166         F167         F168       Mig111       Mig121       Mig131       Mig141       Mig112       Mig122       Mig132 
   -2.450467     0.876295    -1.807828          NaN    -0.734556    -1.273005    -1.386616     1.139885     0.849750     1.296405    -0.059874 
      Mig142       Mig113       Mig123       Mig133       Mig143       Mig114       Mig124       Mig134       Mig144       Mig211       Mig221 
   -1.598817    -2.112206    -0.443008     0.388635    -0.538511    -1.234226     0.174420     0.462253     0.537875     0.739109    -0.809538 
      Mig231       Mig241       Mig212       Mig222       Mig232       Mig242       Mig213       Mig223       Mig233       Mig243       Mig214 
    0.926329    -1.885530    -0.688732     0.808790    -0.481867    -0.726457    -0.983533    -0.039431     0.451685    -0.446271     0.997930 
      Mig224       Mig234       Mig244       Mig311       Mig321       Mig331       Mig341       Mig312       Mig322       Mig332       Mig342 
    0.462309     0.127810     0.446621     1.853743     0.334904     1.789956     0.919240    -2.021201    -0.411942     0.968104    -1.343565 
      Mig313       Mig323       Mig333       Mig343       Mig314       Mig324       Mig334       Mig344       Mig411       Mig421       Mig431 
    0.782265     0.847373    -1.158442    -0.868803     0.875098    -0.833876     0.311217     0.868615    -1.334939     1.482144     0.312183 
      Mig441       Mig412       Mig422       Mig432       Mig442       Mig413       Mig423       Mig433       Mig443       Mig414       Mig424 
   -1.071548     1.242945    -1.441088    -1.244133    -0.134545     1.040795    -1.551780     1.255623     0.392882     0.671986     0.218889 
      Mig434       Mig444       Mig511       Mig521       Mig531       Mig541       Mig512       Mig522       Mig532       Mig542       Mig513 
   -0.022733    -0.391432     0.240650     1.643941     0.848049    -2.112757    -0.204329    -1.631591     1.230017    -2.506517    -0.909707 
      Mig523       Mig533       Mig543       Mig514       Mig524       Mig534       Mig544       Mig611       Mig621       Mig631       Mig641 
   -0.646375    -1.527228     0.381978    -0.106906    -0.186895     1.097200    -0.349303     0.110582    -0.616017    -0.398211     0.440703 
      Mig612       Mig622       Mig632       Mig642       Mig613       Mig623       Mig633       Mig643       Mig614       Mig624       Mig634 
    0.551248     0.427787     1.209007     0.426390    -0.615581     0.508617    -0.979842    -0.149491     0.153183     0.616762    -0.526371 
      Mig644  Log_MagEff1  Log_MagEff2  Log_MagEff3  Log_MagEff4  Log_MagEff5  Log_MagEff6  Log_MagEff7  Log_MagEff8  Log_MagEff9 Log_MagEff10 
   -0.058839    -0.667294     0.900535    -0.637104    -0.045741     0.513161    -0.925691     1.065291    -1.223052    -0.237970     0.507358 
Log_MagEff11 Log_MagEff12 Log_MagEff13 Log_MagEff14 Log_MagEff15 Log_MagEff16 Log_MagEff17 Log_MagEff18 Log_MagEff19 Log_MagEff20 Log_MagEff21 
   -1.351177     1.106050    -1.882164    -0.486651     0.513279    -0.008826     1.291421     0.362672     1.180383    -1.061827    -0.225512 
Log_MagEff22 Log_MagEff23 Log_MagEff24 Log_MagEff25 Log_MagEff26 Log_MagEff27 Log_MagEff28 Log_MagEff29 Log_MagEff30 Log_MagEff31 Log_MagEff32 
   -0.645462    -1.089906    -0.525223     1.896257     0.253671     1.022689    -0.532192    -0.480568    -1.154537    -0.843234    -0.528403 
Log_MagEff33 Log_MagEff34 Log_MagEff35 Log_MagEff36 Log_MagEff37 Log_MagEff38 Log_MagEff39 Log_MagEff40 Log_MagEff41 Log_MagEff42 Log_MagEff43 
    1.612545    -0.382991     0.753481    -0.316471    -0.544221    -2.132379    -0.971211     0.871334     0.129608    -0.481273     0.798231 
Log_MagEff44 Log_MagEff45 Log_MagEff46 Log_MagEff47 Log_MagEff48 Log_MagEff49 Log_MagEff50 Log_MagEff51 Log_MagEff52 Log_MagEff53 Log_MagEff54 
    0.406802     0.179423    -0.667533    -0.099676     0.395025     0.490345     0.082208     0.376807    -1.493528     0.131071    -0.348304 
Log_MagEff55 Log_MagEff56 Log_MagEff57 Log_MagEff58 Log_MagEff59 Log_MagEff60 Log_MagEff61 Log_MagEff62 Log_MagEff63 Log_MagEff64 Log_MagEff65 
   -1.057352    -0.623400     1.110417     0.291510     0.481072     0.005810     0.524389    -1.050794    -1.342793     0.600339     0.094276 
Log_MagEff66 Log_MagEff67 Log_MagEff68 Log_MagEff69 Log_MagEff70 Log_MagEff71 Log_MagEff72 Log_MagEff73 Log_MagEff74 Log_MagEff75 Log_MagEff76 
    0.519625    -0.507391    -0.671428     0.938263     2.595627    -0.035391    -0.010860    -0.562435    -0.122852     0.420623     1.179457 
Log_MagEff77 Log_MagEff78 Log_MagEff79 Log_MagEff80 Log_MagEff81 Log_MagEff82 Log_MagEff83 Log_MagEff84 Log_MagEff85 
   -0.498044    -0.153996     1.324982    -0.897222    -0.152125     0.807394     0.903484     0.680325     2.519862 

