
=== POSTERIOR SUMMARY STATS (CODA) ===

Iterations = 1:2000
Thinning interval = 1 
Number of chains = 1 
Sample size per chain = 2000 

1. Empirical mean and standard deviation for each variable,
   plus standard error of the mean:

                 Mean        SD  Naive SE Time-series SE
NegLL       1.032e+04 7.482e+00 1.673e-01      2.907e-01
log_M      -2.333e+00 1.650e-02 3.689e-04      3.689e-04
log_q1     -5.777e+00 1.352e-01 3.022e-03      3.131e-03
log_q2     -7.438e+00 6.697e-02 1.498e-03      1.498e-03
log_q3     -4.316e+00 8.727e-02 1.951e-03      1.951e-03
log_q4     -7.334e+00 1.213e-01 2.713e-03      2.824e-03
Theta1     -3.198e+00 6.004e-01 1.342e-02      1.342e-02
Theta2     -2.360e-01 1.271e-01 2.842e-03      2.842e-03
Theta3     -3.986e-01 1.023e-01 2.287e-03      2.364e-03
Theta4     -7.490e-01 1.228e-01 2.746e-03      2.746e-03
Theta5     -1.220e+00 1.297e-01 2.901e-03      2.807e-03
Theta6     -3.184e+00 6.132e-01 1.371e-02      1.371e-02
Theta7      5.956e-01 9.958e-01 2.227e-02      2.227e-02
Theta8     -3.436e-01 8.575e-02 1.917e-03      1.917e-03
Theta9     -2.311e-01 8.240e-02 1.842e-03      1.842e-03
Theta10    -8.601e-01 9.089e-02 2.032e-03      2.032e-03
Theta11    -3.448e-01 8.648e-02 1.934e-03      1.934e-03
Theta12    -5.524e-01 9.447e-02 2.112e-03      2.194e-03
Theta13     6.330e-01 1.033e+00 2.311e-02      2.400e-02
Theta14    -3.993e+00 1.674e-01 3.743e-03      3.910e-03
Theta15    -2.693e+00 1.940e-01 4.338e-03      4.413e-03
Theta16    -2.264e+00 1.280e-01 2.863e-03      2.750e-03
Theta17    -5.800e-01 1.246e-01 2.786e-03      2.901e-03
Theta18     5.936e-02 1.267e-01 2.833e-03      2.938e-03
Theta19    -7.155e-02 1.364e-01 3.051e-03      3.051e-03
Theta20    -7.644e-01 1.329e-01 2.972e-03      2.972e-03
Theta21    -1.791e+00 1.141e-01 2.551e-03      2.551e-03
Theta22    -2.091e+00 1.188e-01 2.656e-03      2.656e-03
Theta23     8.152e-01 2.642e-01 5.907e-03      6.140e-03
Theta24     1.428e-01 1.816e-01 4.060e-03      4.060e-03
Theta25     1.943e-01 1.712e-01 3.828e-03      3.741e-03
Theta26     2.403e-01 1.578e-01 3.528e-03      3.753e-03
Theta27     1.407e-01 1.648e-01 3.685e-03      3.685e-03
Theta28    -2.779e-01 1.712e-01 3.827e-03      3.827e-03
Theta29     1.876e-01 1.830e-01 4.093e-03      4.093e-03
log_k       9.163e-01 0.000e+00 0.000e+00      0.000e+00
log_mig111  7.084e+00 1.892e+00 4.230e-02      5.316e-02
log_mig121 -2.145e+00 3.163e-01 7.074e-03      6.082e-03
log_mig131  6.218e-01 2.426e-01 5.424e-03      5.424e-03
log_mig141 -3.556e+02 2.028e+02 4.534e+00      5.560e+00
log_mig113 -5.057e+00 4.436e+00 9.918e-02      1.568e-01
log_mig123 -7.644e+00 5.527e-01 1.236e-02      1.236e-02
log_mig132  3.794e+00 8.555e-02 1.913e-03      1.913e-03
log_mig142 -3.212e+02 2.019e+02 4.516e+00      1.713e+01
log_mig114 -3.597e+02 2.026e+02 4.531e+00      5.185e+00
log_mig124 -6.156e+01 4.750e+01 1.062e+00      6.273e+00
log_mig134 -3.666e-02 1.889e-01 4.224e-03      4.224e-03
log_mig144  4.278e+00 1.483e-01 3.315e-03      3.547e-03
log_mig211  6.056e+00 6.149e-01 1.375e-02      1.423e-02
log_mig221 -2.346e+00 3.778e-01 8.448e-03      1.016e-02
log_mig231 -9.255e+00 3.121e+00 6.979e-02      9.779e-02
log_mig241 -3.454e+02 2.020e+02 4.517e+00      6.062e+00
log_mig213 -7.058e+00 3.898e+00 8.716e-02      1.476e-01
log_mig223 -8.221e+00 5.683e-01 1.271e-02      1.291e-02
log_mig232 -2.927e-01 2.020e-01 4.518e-03      4.518e-03
log_mig242 -3.063e+02 2.023e+02 4.524e+00      1.749e+01
log_mig214 -3.517e+02 2.054e+02 4.594e+00      4.954e+00
log_mig224 -4.771e+01 3.739e+01 8.362e-01      3.764e+00
log_mig234 -4.701e+00 1.196e+00 2.675e-02      2.969e-02
log_mig244  6.647e+00 7.493e-01 1.675e-02      1.688e-02
log_mig311  8.694e+00 1.853e+00 4.144e-02      5.243e-02
log_mig321 -4.541e+00 7.414e-01 1.658e-02      1.767e-02
log_mig331 -9.901e+00 3.251e+00 7.270e-02      1.643e-01
log_mig341 -3.466e+02 2.046e+02 4.576e+00      5.964e+00
log_mig313 -4.492e+00 4.182e+00 9.351e-02      1.569e-01
log_mig323 -8.324e+00 5.789e-01 1.294e-02      1.353e-02
log_mig332 -3.675e+00 7.366e-01 1.647e-02      2.009e-02
log_mig342 -3.152e+02 1.951e+02 4.363e+00      1.623e+01
log_mig314 -3.530e+02 2.040e+02 4.563e+00      5.148e+00
log_mig324 -5.677e+01 5.185e+01 1.160e+00      7.424e+00
log_mig334 -5.710e+00 1.304e+00 2.915e-02      3.567e-02
log_mig344  6.222e+00 3.650e-01 8.161e-03      8.617e-03
log_mig411  7.788e+00 1.777e+00 3.974e-02      5.137e-02
log_mig421 -3.124e+00 5.069e-01 1.133e-02      1.133e-02
log_mig431 -9.524e+00 2.940e+00 6.573e-02      1.030e-01
log_mig441 -3.514e+02 2.031e+02 4.543e+00      5.849e+00
log_mig413 -5.174e+00 4.374e+00 9.781e-02      1.588e-01
log_mig423 -7.879e+00 5.919e-01 1.323e-02      1.323e-02
log_mig432 -3.846e+00 1.350e+00 3.019e-02      6.358e-02
log_mig442 -3.367e+02 2.086e+02 4.665e+00      1.794e+01
log_mig414 -3.456e+02 2.043e+02 4.569e+00      5.313e+00
log_mig424 -4.553e+01 3.642e+01 8.144e-01      3.609e+00
log_mig434 -5.969e+00 1.248e+00 2.791e-02      2.627e-02
log_mig444  7.237e+00 5.590e-01 1.250e-02      1.250e-02
log_mig511  5.354e+00 5.834e-01 1.304e-02      1.436e-02
log_mig521 -3.103e+00 5.695e-01 1.273e-02      1.273e-02
log_mig531 -8.847e+00 3.283e+00 7.340e-02      1.121e-01
log_mig541 -3.370e+02 2.054e+02 4.593e+00      5.992e+00
log_mig513 -6.593e+00 4.049e+00 9.053e-02      1.505e-01
log_mig523 -6.763e+00 6.031e-01 1.349e-02      1.349e-02
log_mig532 -3.851e+00 1.522e+00 3.403e-02      5.476e-02
log_mig542 -3.343e+02 2.035e+02 4.550e+00      1.736e+01
log_mig514 -3.447e+02 2.043e+02 4.568e+00      5.342e+00
log_mig524 -3.671e+01 2.456e+01 5.493e-01      1.719e+00
log_mig534 -5.592e+00 1.253e+00 2.802e-02      3.076e-02
log_mig544  9.053e+00 1.230e+00 2.750e-02      3.084e-02
log_mig611  1.893e+00 2.674e-01 5.979e-03      6.190e-03
log_mig621 -5.888e-01 1.702e-01 3.805e-03      3.949e-03
log_mig631 -3.004e+00 4.952e-01 1.107e-02      1.191e-02
log_mig641 -3.736e+00 6.058e-01 1.355e-02      1.467e-02
log_mig613  1.341e+00 2.323e-01 5.194e-03      5.194e-03
log_mig623 -7.318e-02 1.066e-01 2.383e-03      2.383e-03
log_mig632 -2.558e+00 8.604e-01 1.924e-02      3.901e-02
log_mig642 -5.914e+00 1.694e+00 3.788e-02      4.632e-02
log_mig614 -2.873e+00 6.573e-01 1.470e-02      1.546e-02
log_mig624 -5.551e+00 6.462e-01 1.445e-02      1.570e-02
log_mig634 -3.031e+00 2.660e-01 5.949e-03      6.174e-03
log_mig644  2.196e+00 1.354e-01 3.028e-03      3.252e-03
M           9.698e-02 1.599e-03 3.574e-05      3.574e-05
Myr         1.164e+00 1.918e-02 4.289e-04      4.289e-04
k           2.500e+00 0.000e+00 0.000e+00      0.000e+00
Qtotal1     1.494e-04 8.790e-05 1.965e-06      1.965e-06
Qtotal2     2.470e-03 3.375e-04 7.547e-06      7.547e-06
Qtotal3     3.128e-03 4.315e-04 9.649e-06      9.649e-06
Qtotal4     2.101e-03 3.059e-04 6.839e-06      6.839e-06
Qtotal5     1.481e-03 2.170e-04 4.853e-06      4.853e-06
Qtotal6     9.234e-04 1.250e-04 2.795e-06      2.795e-06
Qtotal7     1.530e-04 9.237e-05 2.065e-06      2.065e-06
Qtotal8     1.773e-03 2.361e-03 5.280e-05      5.280e-05
Qtotal9     4.185e-04 2.898e-05 6.481e-07      6.124e-07
Qtotal10    5.900e-04 3.962e-05 8.858e-07      8.858e-07
Qtotal11    4.683e-04 3.272e-05 7.317e-07      7.118e-07
Qtotal12    2.497e-04 1.834e-05 4.101e-07      4.101e-07
Qtotal13    4.181e-04 3.111e-05 6.957e-07      6.957e-07
Qtotal14    3.401e-04 2.982e-05 6.667e-07      6.920e-07
Qtotal15    1.937e-03 2.842e-03 6.355e-05      6.977e-05
Qtotal16    2.489e-04 3.616e-05 8.086e-07      8.086e-07
Qtotal17    9.180e-04 1.595e-04 3.566e-06      3.892e-06
Qtotal18    1.394e-03 1.335e-04 2.986e-06      2.986e-06
Qtotal19    7.512e-03 7.013e-04 1.568e-05      1.639e-05
Qtotal20    1.341e-02 1.168e-03 2.611e-05      2.611e-05
Qtotal21    1.427e-02 1.641e-03 3.668e-05      3.920e-05
Qtotal22    1.253e-02 1.541e-03 3.446e-05      3.568e-05
Qtotal23    6.270e-03 7.968e-04 1.782e-05      1.801e-05
Qtotal24    2.234e-03 1.632e-04 3.650e-06      3.650e-06
Qtotal25    1.655e-03 1.316e-04 2.943e-06      2.980e-06
Qtotal26    1.519e-03 3.733e-04 8.347e-06      8.683e-06
Qtotal27    7.604e-04 1.080e-04 2.415e-06      2.358e-06
Qtotal28    7.989e-04 9.975e-05 2.231e-06      2.231e-06
Qtotal29    6.577e-04 8.089e-05 1.809e-06      1.883e-06
Qtotal30    8.355e-04 9.531e-05 2.131e-06      2.186e-06
Qtotal31    7.565e-04 8.855e-05 1.980e-06      1.980e-06
Qtotal32    4.985e-04 6.512e-05 1.456e-06      1.456e-06
Qtotal33    7.957e-04 1.158e-04 2.589e-06      2.694e-06
F1          1.595e-01 2.201e-02 4.921e-04      4.921e-04
F2          1.261e-02 1.835e-03 4.104e-05      4.104e-05
F3          4.738e-02 6.945e-03 1.553e-04      1.553e-04
F4          2.770e-03 3.750e-04 8.386e-06      8.386e-06
F5          0.000e+00 0.000e+00 0.000e+00      0.000e+00
F6          0.000e+00 0.000e+00 0.000e+00      0.000e+00
F7          0.000e+00 0.000e+00 0.000e+00      0.000e+00
F8          0.000e+00 0.000e+00 0.000e+00      0.000e+00
F9          0.000e+00 0.000e+00 0.000e+00      0.000e+00
F10         0.000e+00 0.000e+00 0.000e+00      0.000e+00
F11         0.000e+00 0.000e+00 0.000e+00      0.000e+00
F12         1.235e-02 1.688e-03 3.773e-05      3.773e-05
F13         6.255e-02 8.630e-03 1.930e-04      1.930e-04
F14         4.203e-02 6.117e-03 1.368e-04      1.368e-04
F15         3.701e-02 5.426e-03 1.213e-04      1.213e-04
F16         1.847e-02 2.500e-03 5.590e-05      5.590e-05
F17         0.000e+00 0.000e+00 0.000e+00      0.000e+00
F18         0.000e+00 0.000e+00 0.000e+00      0.000e+00
F19         0.000e+00 0.000e+00 0.000e+00      0.000e+00
F20         0.000e+00 0.000e+00 0.000e+00      0.000e+00
F21         0.000e+00 0.000e+00 0.000e+00      0.000e+00
F22         0.000e+00 0.000e+00 0.000e+00      0.000e+00
F23         4.483e-04 2.637e-04 5.896e-06      5.896e-06
F24         3.952e-02 5.400e-03 1.207e-04      1.207e-04
F25         8.132e-02 1.122e-02 2.509e-04      2.509e-04
F26         7.985e-02 1.162e-02 2.599e-04      2.599e-04
F27         4.442e-02 6.511e-03 1.456e-04      1.456e-04
F28         1.847e-02 2.500e-03 5.590e-05      5.590e-05
F29         1.530e-04 9.237e-05 2.065e-06      2.065e-06
F30         0.000e+00 0.000e+00 0.000e+00      0.000e+00
F31         0.000e+00 0.000e+00 0.000e+00      0.000e+00
F32         0.000e+00 0.000e+00 0.000e+00      0.000e+00
F33         0.000e+00 0.000e+00 0.000e+00      0.000e+00
F34         0.000e+00 0.000e+00 0.000e+00      0.000e+00
F35         0.000e+00 0.000e+00 0.000e+00      0.000e+00
F36         4.693e-02 6.413e-03 1.434e-04      1.434e-04
F37         1.376e-01 1.899e-02 4.246e-04      4.246e-04
F38         1.030e-01 1.499e-02 3.351e-04      3.351e-04
F39         1.481e-02 2.170e-03 4.853e-05      4.853e-05
F40         2.955e-02 4.000e-03 8.945e-05      8.945e-05
F41         0.000e+00 0.000e+00 0.000e+00      0.000e+00
F42         0.000e+00 0.000e+00 0.000e+00      0.000e+00
F43         9.675e-02 6.497e-03 1.453e-04      1.453e-04
F44         6.135e-02 4.287e-03 9.585e-05      9.324e-05
F45         4.121e-02 3.026e-03 6.766e-05      6.766e-05
F46         5.645e-02 4.200e-03 9.392e-05      9.392e-05
F47         3.129e-02 2.743e-03 6.134e-05      6.366e-05
F48         0.000e+00 0.000e+00 0.000e+00      0.000e+00
F49         0.000e+00 0.000e+00 0.000e+00      0.000e+00
F50         0.000e+00 0.000e+00 0.000e+00      0.000e+00
F51         0.000e+00 0.000e+00 0.000e+00      0.000e+00
F52         0.000e+00 0.000e+00 0.000e+00      0.000e+00
F53         0.000e+00 0.000e+00 0.000e+00      0.000e+00
F54         5.273e-02 3.652e-03 8.166e-05      7.716e-05
F55         7.375e-02 4.952e-03 1.107e-04      1.107e-04
F56         5.807e-02 4.058e-03 9.073e-05      8.826e-05
F57         3.671e-02 2.696e-03 6.028e-05      6.028e-05
F58         4.767e-02 3.547e-03 7.931e-05      7.931e-05
F59         4.217e-02 3.697e-03 8.267e-05      8.580e-05
F60         0.000e+00 0.000e+00 0.000e+00      0.000e+00
F61         0.000e+00 0.000e+00 0.000e+00      0.000e+00
F62         0.000e+00 0.000e+00 0.000e+00      0.000e+00
F63         0.000e+00 0.000e+00 0.000e+00      0.000e+00
F64         0.000e+00 0.000e+00 0.000e+00      0.000e+00
F65         0.000e+00 0.000e+00 0.000e+00      0.000e+00
F66         4.017e-02 2.782e-03 6.222e-05      5.879e-05
F67         5.428e-02 3.645e-03 8.150e-05      8.150e-05
F68         5.386e-02 3.763e-03 8.414e-05      8.186e-05
F69         2.248e-02 1.651e-03 3.691e-05      3.691e-05
F70         3.972e-02 2.956e-03 6.609e-05      6.609e-05
F71         3.639e-02 3.190e-03 7.134e-05      7.404e-05
F72         0.000e+00 0.000e+00 0.000e+00      0.000e+00
F73         0.000e+00 0.000e+00 0.000e+00      0.000e+00
F74         0.000e+00 0.000e+00 0.000e+00      0.000e+00
F75         0.000e+00 0.000e+00 0.000e+00      0.000e+00
F76         0.000e+00 0.000e+00 0.000e+00      0.000e+00
F77         0.000e+00 0.000e+00 0.000e+00      0.000e+00
F78         3.808e-02 2.637e-03 5.898e-05      5.573e-05
F79         4.012e-02 2.694e-03 6.024e-05      6.024e-05
F80         4.121e-02 2.880e-03 6.439e-05      6.264e-05
F81         2.298e-02 1.687e-03 3.773e-05      3.773e-05
F82         4.641e-02 3.454e-03 7.722e-05      7.722e-05
F83         2.347e-02 2.057e-03 4.600e-05      4.774e-05
F84         0.000e+00 0.000e+00 0.000e+00      0.000e+00
F85         5.632e-01 4.904e-02 1.097e-03      1.097e-03
F86         3.567e-01 4.101e-02 9.171e-04      9.799e-04
F87         4.386e-01 5.393e-02 1.206e-03      1.249e-03
F88         8.777e-02 1.116e-02 2.495e-04      2.521e-04
F89         1.452e-01 1.061e-02 2.373e-04      2.373e-04
F90         2.268e-01 1.803e-02 4.032e-04      4.082e-04
F91         3.734e-03 5.424e-04 1.213e-05      1.213e-05
F92         0.000e+00 0.000e+00 0.000e+00      0.000e+00
F93         0.000e+00 0.000e+00 0.000e+00      0.000e+00
F94         0.000e+00 0.000e+00 0.000e+00      0.000e+00
F95         1.115e-02 1.068e-03 2.389e-05      2.389e-05
F96         3.606e-01 3.366e-02 7.527e-04      7.868e-04
F97         4.961e-01 4.321e-02 9.661e-04      9.661e-04
F98         1.712e-01 1.969e-02 4.402e-04      4.704e-04
F99         2.381e-01 2.928e-02 6.546e-04      6.779e-04
F100        7.523e-02 9.562e-03 2.138e-04      2.161e-04
F101        8.491e-02 6.203e-03 1.387e-04      1.387e-04
F102        2.980e-01 2.369e-02 5.297e-04      5.364e-04
F103        4.978e-04 7.233e-05 1.617e-06      1.617e-06
F104        0.000e+00 0.000e+00 0.000e+00      0.000e+00
F105        0.000e+00 0.000e+00 0.000e+00      0.000e+00
F106        3.672e-03 6.378e-04 1.426e-05      1.557e-05
 [ reached getOption("max.print") -- omitted 158 rows ]

2. Quantiles for each variable:

                  2.5%         25%         50%        75%      97.5%
NegLL        1.031e+04   1.032e+04   1.032e+04  1.033e+04  1.034e+04
log_M       -2.367e+00  -2.344e+00  -2.333e+00 -2.322e+00 -2.302e+00
log_q1      -6.029e+00  -5.875e+00  -5.778e+00 -5.694e+00 -5.491e+00
log_q2      -7.566e+00  -7.483e+00  -7.438e+00 -7.393e+00 -7.304e+00
log_q3      -4.493e+00  -4.377e+00  -4.314e+00 -4.256e+00 -4.155e+00
log_q4      -7.563e+00  -7.415e+00  -7.338e+00 -7.254e+00 -7.090e+00
Theta1      -4.456e+00  -3.576e+00  -3.166e+00 -2.788e+00 -2.083e+00
Theta2      -4.844e-01  -3.199e-01  -2.332e-01 -1.511e-01  1.297e-02
Theta3      -6.007e-01  -4.655e-01  -3.978e-01 -3.294e-01 -2.042e-01
Theta4      -1.003e+00  -8.278e-01  -7.464e-01 -6.652e-01 -5.153e-01
Theta5      -1.485e+00  -1.302e+00  -1.214e+00 -1.133e+00 -9.707e-01
Theta6      -4.437e+00  -3.588e+00  -3.151e+00 -2.746e+00 -2.064e+00
Theta7      -1.300e+00  -1.117e-01   6.071e-01  1.239e+00  2.575e+00
Theta8      -5.147e-01  -4.008e-01  -3.413e-01 -2.847e-01 -1.765e-01
Theta9      -3.908e-01  -2.859e-01  -2.306e-01 -1.748e-01 -6.726e-02
Theta10     -1.036e+00  -9.221e-01  -8.600e-01 -7.989e-01 -6.808e-01
Theta11     -5.200e-01  -4.027e-01  -3.444e-01 -2.862e-01 -1.773e-01
Theta12     -7.338e-01  -6.181e-01  -5.532e-01 -4.901e-01 -3.686e-01
Theta13     -1.327e+00  -8.321e-02   5.944e-01  1.299e+00  2.770e+00
Theta14     -4.328e+00  -4.104e+00  -3.992e+00 -3.879e+00 -3.660e+00
Theta15     -3.074e+00  -2.821e+00  -2.691e+00 -2.562e+00 -2.314e+00
Theta16     -2.513e+00  -2.353e+00  -2.263e+00 -2.176e+00 -2.019e+00
Theta17     -8.273e-01  -6.622e-01  -5.809e-01 -4.945e-01 -3.343e-01
Theta18     -1.806e-01  -2.462e-02   5.776e-02  1.453e-01  3.074e-01
Theta19     -3.488e-01  -1.617e-01  -7.297e-02  1.906e-02  1.894e-01
Theta20     -1.022e+00  -8.521e-01  -7.651e-01 -6.718e-01 -5.056e-01
Theta21     -2.007e+00  -1.872e+00  -1.792e+00 -1.719e+00 -1.566e+00
Theta22     -2.316e+00  -2.171e+00  -2.092e+00 -2.013e+00 -1.853e+00
Theta23      3.001e-01   6.387e-01   8.135e-01  9.971e-01  1.328e+00
Theta24     -2.102e-01   1.843e-02   1.387e-01  2.648e-01  4.998e-01
Theta25     -1.402e-01   7.892e-02   1.916e-01  3.124e-01  5.383e-01
Theta26     -8.097e-02   1.375e-01   2.378e-01  3.451e-01  5.515e-01
Theta27     -1.676e-01   3.129e-02   1.388e-01  2.551e-01  4.608e-01
Theta28     -6.085e-01  -3.967e-01  -2.758e-01 -1.590e-01  5.418e-02
Theta29     -1.701e-01   6.025e-02   1.933e-01  3.063e-01  5.510e-01
log_k        9.163e-01   9.163e-01   9.163e-01  9.163e-01  9.163e-01
log_mig111   4.508e+00   5.712e+00   6.694e+00  7.976e+00  1.200e+01
log_mig121  -2.808e+00  -2.350e+00  -2.131e+00 -1.924e+00 -1.563e+00
log_mig131   1.201e-01   4.637e-01   6.260e-01  7.930e-01  1.069e+00
log_mig141  -6.908e+02  -5.327e+02  -3.554e+02 -1.855e+02 -2.497e+01
log_mig113  -1.639e+01  -7.036e+00  -4.241e+00 -2.118e+00  1.666e+00
log_mig123  -8.890e+00  -7.974e+00  -7.598e+00 -7.258e+00 -6.697e+00
log_mig132   3.622e+00   3.737e+00   3.795e+00  3.851e+00  3.958e+00
log_mig142  -6.878e+02  -4.885e+02  -3.069e+02 -1.412e+02 -1.483e+01
log_mig114  -6.881e+02  -5.340e+02  -3.582e+02 -1.896e+02 -1.895e+01
log_mig124  -1.753e+02  -8.654e+01  -4.667e+01 -2.470e+01 -8.626e+00
log_mig134  -4.033e-01  -1.621e-01  -3.688e-02  8.857e-02  3.341e-01
log_mig144   4.014e+00   4.175e+00   4.267e+00  4.368e+00  4.608e+00
log_mig211   5.013e+00   5.630e+00   6.003e+00  6.422e+00  7.417e+00
log_mig221  -3.170e+00  -2.559e+00  -2.305e+00 -2.092e+00 -1.707e+00
log_mig231  -1.731e+01  -1.071e+01  -8.513e+00 -6.987e+00 -5.423e+00
log_mig241  -6.898e+02  -5.159e+02  -3.400e+02 -1.649e+02 -2.145e+01
log_mig213  -1.727e+01  -8.893e+00  -6.105e+00 -4.283e+00 -2.215e+00
log_mig223  -9.442e+00  -8.585e+00  -8.181e+00 -7.823e+00 -7.193e+00
log_mig232  -6.784e-01  -4.290e-01  -2.904e-01 -1.540e-01  9.876e-02
log_mig242  -6.815e+02  -4.707e+02  -2.801e+02 -1.308e+02 -1.422e+01
log_mig214  -6.906e+02  -5.313e+02  -3.480e+02 -1.744e+02 -2.126e+01
log_mig224  -1.428e+02  -6.507e+01  -3.580e+01 -1.902e+01 -8.098e+00
log_mig234  -7.462e+00  -5.320e+00  -4.496e+00 -3.851e+00 -2.883e+00
log_mig244   5.368e+00   6.054e+00   6.615e+00  7.193e+00  8.124e+00
log_mig311   6.239e+00   7.403e+00   8.333e+00  9.572e+00  1.342e+01
log_mig321  -6.018e+00  -5.029e+00  -4.565e+00 -4.062e+00 -3.005e+00
log_mig331  -1.768e+01  -1.127e+01  -9.164e+00 -7.723e+00 -5.906e+00
log_mig341  -6.875e+02  -5.268e+02  -3.376e+02 -1.700e+02 -1.966e+01
log_mig313  -1.430e+01  -6.419e+00  -3.798e+00 -1.921e+00  2.258e+00
log_mig323  -9.610e+00  -8.681e+00  -8.258e+00 -7.896e+00 -7.360e+00
log_mig332  -5.342e+00  -4.143e+00  -3.576e+00 -3.139e+00 -2.524e+00
log_mig342  -6.791e+02  -4.762e+02  -2.954e+02 -1.478e+02 -1.406e+01
log_mig314  -6.897e+02  -5.238e+02  -3.550e+02 -1.824e+02 -1.344e+01
log_mig324  -2.024e+02  -7.425e+01  -3.729e+01 -2.001e+01 -8.503e+00
log_mig334  -8.777e+00  -6.382e+00  -5.493e+00 -4.804e+00 -3.747e+00
log_mig344   5.603e+00   5.966e+00   6.182e+00  6.441e+00  7.021e+00
log_mig411   5.524e+00   6.544e+00   7.423e+00  8.599e+00  1.235e+01
log_mig421  -4.105e+00  -3.463e+00  -3.137e+00 -2.773e+00 -2.094e+00
log_mig431  -1.685e+01  -1.092e+01  -8.854e+00 -7.463e+00 -5.700e+00
log_mig441  -6.946e+02  -5.193e+02  -3.466e+02 -1.769e+02 -2.178e+01
log_mig413  -1.541e+01  -7.253e+00  -4.466e+00 -2.347e+00  1.290e+00
log_mig423  -9.224e+00  -8.236e+00  -7.841e+00 -7.466e+00 -6.896e+00
log_mig432  -7.255e+00  -4.545e+00  -3.404e+00 -2.851e+00 -2.273e+00
log_mig442  -6.887e+02  -5.213e+02  -3.267e+02 -1.555e+02 -1.429e+01
log_mig414  -6.887e+02  -5.196e+02  -3.378e+02 -1.628e+02 -1.698e+01
log_mig424  -1.398e+02  -6.163e+01  -3.396e+01 -1.796e+01 -8.416e+00
log_mig434  -8.814e+00  -6.640e+00  -5.773e+00 -5.080e+00 -4.066e+00
log_mig444   6.183e+00   6.840e+00   7.219e+00  7.614e+00  8.348e+00
log_mig511   4.395e+00   4.969e+00   5.298e+00  5.655e+00  6.715e+00
log_mig521  -4.282e+00  -3.467e+00  -3.086e+00 -2.711e+00 -2.071e+00
log_mig531  -1.713e+01  -1.044e+01  -8.005e+00 -6.537e+00 -4.883e+00
log_mig541  -6.880e+02  -5.138e+02  -3.279e+02 -1.546e+02 -1.485e+01
log_mig513  -1.759e+01  -8.207e+00  -5.589e+00 -3.838e+00 -1.663e+00
log_mig523  -8.049e+00  -7.145e+00  -6.720e+00 -6.322e+00 -5.677e+00
log_mig532  -7.728e+00  -4.567e+00  -3.418e+00 -2.774e+00 -2.081e+00
log_mig542  -6.863e+02  -5.063e+02  -3.179e+02 -1.617e+02 -1.436e+01
log_mig514  -6.909e+02  -5.185e+02  -3.383e+02 -1.663e+02 -1.986e+01
log_mig524  -9.843e+01  -5.012e+01  -3.065e+01 -1.707e+01 -7.629e+00
log_mig534  -8.559e+00  -6.277e+00  -5.345e+00 -4.728e+00 -3.758e+00
log_mig544   7.159e+00   8.172e+00   8.873e+00  9.688e+00  1.193e+01
log_mig611   1.340e+00   1.726e+00   1.907e+00  2.076e+00  2.390e+00
log_mig621  -9.392e-01  -7.006e-01  -5.834e-01 -4.734e-01 -2.825e-01
log_mig631  -4.121e+00  -3.284e+00  -2.952e+00 -2.660e+00 -2.163e+00
log_mig641  -5.157e+00  -4.085e+00  -3.674e+00 -3.318e+00 -2.722e+00
log_mig613   8.784e-01   1.183e+00   1.340e+00  1.500e+00  1.771e+00
log_mig623  -2.833e-01  -1.444e-01  -7.244e-02 -1.848e-03  1.336e-01
log_mig632  -4.690e+00  -2.842e+00  -2.407e+00 -2.030e+00 -1.404e+00
log_mig642  -1.025e+01  -6.721e+00  -5.611e+00 -4.720e+00 -3.513e+00
log_mig614  -4.327e+00  -3.251e+00  -2.808e+00 -2.416e+00 -1.772e+00
log_mig624  -6.996e+00  -5.927e+00  -5.498e+00 -5.096e+00 -4.446e+00
log_mig634  -3.550e+00  -3.215e+00  -3.025e+00 -2.842e+00 -2.540e+00
log_mig644   1.903e+00   2.116e+00   2.205e+00  2.286e+00  2.443e+00
M            9.376e-02   9.590e-02   9.701e-02  9.806e-02  1.000e-01
Myr          1.125e+00   1.151e+00   1.164e+00  1.177e+00  1.201e+00
k            2.500e+00   2.500e+00   2.500e+00  2.500e+00  2.500e+00
Qtotal1      3.579e-05   8.675e-05   1.305e-04  1.915e-04  3.681e-04
Qtotal2      1.895e-03   2.224e-03   2.449e-03  2.683e-03  3.164e-03
Qtotal3      2.407e-03   2.810e-03   3.093e-03  3.366e-03  4.123e-03
Qtotal4      1.621e-03   1.889e-03   2.065e-03  2.273e-03  2.826e-03
Qtotal5      1.115e-03   1.328e-03   1.461e-03  1.606e-03  1.965e-03
Qtotal6      7.220e-04   8.317e-04   9.128e-04  1.003e-03  1.192e-03
Qtotal7      3.625e-05   8.619e-05   1.325e-04  1.979e-04  3.880e-04
Qtotal8      1.655e-04   5.370e-04   1.053e-03  2.056e-03  7.828e-03
Qtotal9      3.644e-04   3.989e-04   4.177e-04  4.369e-04  4.772e-04
Qtotal10     5.177e-04   5.625e-04   5.884e-04  6.158e-04  6.727e-04
Qtotal11     4.068e-04   4.457e-04   4.674e-04  4.895e-04  5.370e-04
Qtotal12     2.168e-04   2.368e-04   2.494e-04  2.622e-04  2.871e-04
Qtotal13     3.603e-04   3.967e-04   4.172e-04  4.383e-04  4.815e-04
Qtotal14     2.862e-04   3.192e-04   3.383e-04  3.594e-04  4.041e-04
Qtotal15     1.550e-04   5.501e-04   1.073e-03  2.169e-03  9.120e-03
Qtotal16     1.838e-04   2.241e-04   2.468e-04  2.713e-04  3.285e-04
Qtotal17     6.487e-04   8.001e-04   9.074e-04  1.018e-03  1.252e-03
Qtotal18     1.148e-03   1.299e-03   1.387e-03  1.485e-03  1.666e-03
Qtotal19     6.214e-03   7.007e-03   7.490e-03  7.981e-03  8.976e-03
Qtotal20     1.119e-02   1.257e-02   1.338e-02  1.418e-02  1.569e-02
Qtotal21     1.127e-02   1.315e-02   1.418e-02  1.529e-02  1.783e-02
Qtotal22     9.598e-03   1.148e-02   1.246e-02  1.354e-02  1.572e-02
Qtotal23     4.874e-03   5.681e-03   6.228e-03  6.800e-03  7.907e-03
Qtotal24     1.936e-03   2.123e-03   2.226e-03  2.344e-03  2.569e-03
Qtotal25     1.409e-03   1.563e-03   1.650e-03  1.738e-03  1.922e-03
Qtotal26     9.401e-04   1.250e-03   1.471e-03  1.736e-03  2.409e-03
Qtotal27     5.765e-04   6.840e-04   7.462e-04  8.293e-04  9.975e-04
Qtotal28     6.247e-04   7.273e-04   7.907e-04  8.637e-04  1.009e-03
Qtotal29     5.192e-04   6.023e-04   6.504e-04  7.070e-04  8.332e-04
Qtotal30     6.722e-04   7.685e-04   8.291e-04  8.931e-04  1.039e-03
Qtotal31     6.010e-04   6.955e-04   7.502e-04  8.100e-04  9.455e-04
Qtotal32     3.849e-04   4.525e-04   4.936e-04  5.379e-04  6.379e-04
Qtotal33     5.971e-04   7.126e-04   7.869e-04  8.686e-04  1.049e-03
F1           1.228e-01   1.433e-01   1.578e-01  1.717e-01  2.103e-01
F2           9.725e-03   1.133e-02   1.239e-02  1.364e-02  1.695e-02
F3           3.569e-02   4.248e-02   4.676e-02  5.138e-02  6.289e-02
F4           2.166e-03   2.495e-03   2.739e-03  3.008e-03  3.575e-03
F5           0.000e+00   0.000e+00   0.000e+00  0.000e+00  0.000e+00
F6           0.000e+00   0.000e+00   0.000e+00  0.000e+00  0.000e+00
F7           0.000e+00   0.000e+00   0.000e+00  0.000e+00  0.000e+00
F8           0.000e+00   0.000e+00   0.000e+00  0.000e+00  0.000e+00
F9           0.000e+00   0.000e+00   0.000e+00  0.000e+00  0.000e+00
F10          0.000e+00   0.000e+00   0.000e+00  0.000e+00  0.000e+00
F11          0.000e+00   0.000e+00   0.000e+00  0.000e+00  0.000e+00
F12          9.474e-03   1.112e-02   1.225e-02  1.341e-02  1.582e-02
F13          4.814e-02   5.620e-02   6.187e-02  6.732e-02  8.246e-02
F14          3.242e-02   3.778e-02   4.130e-02  4.546e-02  5.651e-02
F15          2.788e-02   3.319e-02   3.653e-02  4.014e-02  4.914e-02
F16          1.444e-02   1.663e-02   1.826e-02  2.005e-02  2.384e-02
F17          0.000e+00   0.000e+00   0.000e+00  0.000e+00  0.000e+00
F18          0.000e+00   0.000e+00   0.000e+00  0.000e+00  0.000e+00
F19          0.000e+00   0.000e+00   0.000e+00  0.000e+00  0.000e+00
F20          0.000e+00   0.000e+00   0.000e+00  0.000e+00  0.000e+00
F21          0.000e+00   0.000e+00   0.000e+00  0.000e+00  0.000e+00
F22          0.000e+00   0.000e+00   0.000e+00  0.000e+00  0.000e+00
F23          1.074e-04   2.603e-04   3.915e-04  5.745e-04  1.104e-03
F24          3.032e-02   3.558e-02   3.919e-02  4.292e-02  5.063e-02
F25          6.259e-02   7.306e-02   8.043e-02  8.751e-02  1.072e-01
F26          6.159e-02   7.178e-02   7.847e-02  8.637e-02  1.074e-01
F27          3.346e-02   3.983e-02   4.383e-02  4.817e-02  5.896e-02
F28          1.444e-02   1.663e-02   1.826e-02  2.005e-02  2.384e-02
F29          3.625e-05   8.619e-05   1.325e-04  1.979e-04  3.880e-04
F30          0.000e+00   0.000e+00   0.000e+00  0.000e+00  0.000e+00
F31          0.000e+00   0.000e+00   0.000e+00  0.000e+00  0.000e+00
F32          0.000e+00   0.000e+00   0.000e+00  0.000e+00  0.000e+00
F33          0.000e+00   0.000e+00   0.000e+00  0.000e+00  0.000e+00
F34          0.000e+00   0.000e+00   0.000e+00  0.000e+00  0.000e+00
F35          0.000e+00   0.000e+00   0.000e+00  0.000e+00  0.000e+00
F36          3.600e-02   4.225e-02   4.654e-02  5.097e-02  6.013e-02
F37          1.059e-01   1.236e-01   1.361e-01  1.481e-01  1.814e-01
F38          7.942e-02   9.255e-02   1.012e-01  1.114e-01  1.385e-01
F39          1.115e-02   1.328e-02   1.461e-02  1.606e-02  1.965e-02
F40          2.310e-02   2.662e-02   2.921e-02  3.208e-02  3.814e-02
F41          0.000e+00   0.000e+00   0.000e+00  0.000e+00  0.000e+00
F42          0.000e+00   0.000e+00   0.000e+00  0.000e+00  0.000e+00
F43          8.490e-02   9.225e-02   9.649e-02  1.010e-01  1.103e-01
F44          5.329e-02   5.839e-02   6.123e-02  6.413e-02  7.035e-02
F45          3.578e-02   3.907e-02   4.115e-02  4.327e-02  4.738e-02
F46          4.864e-02   5.356e-02   5.632e-02  5.917e-02  6.500e-02
F47          2.633e-02   2.936e-02   3.112e-02  3.306e-02  3.718e-02
F48          0.000e+00   0.000e+00   0.000e+00  0.000e+00  0.000e+00
F49          0.000e+00   0.000e+00   0.000e+00  0.000e+00  0.000e+00
F50          0.000e+00   0.000e+00   0.000e+00  0.000e+00  0.000e+00
F51          0.000e+00   0.000e+00   0.000e+00  0.000e+00  0.000e+00
F52          0.000e+00   0.000e+00   0.000e+00  0.000e+00  0.000e+00
F53          0.000e+00   0.000e+00   0.000e+00  0.000e+00  0.000e+00
F54          4.591e-02   5.026e-02   5.263e-02  5.505e-02  6.013e-02
F55          6.471e-02   7.032e-02   7.355e-02  7.698e-02  8.409e-02
F56          5.044e-02   5.527e-02   5.796e-02  6.070e-02  6.659e-02
 [ reached getOption("max.print") -- omitted 208 rows ]


=== EFFECTIVE SAMPLE SIZE (ESS) ===
     NegLL      log_M     log_q1     log_q2     log_q3     log_q4     Theta1     Theta2     Theta3 
 662.62082 2000.00000 1863.86282 2000.00000 2000.00000 1846.17323 2000.00000 2000.00000 1872.47670 
    Theta4     Theta5     Theta6     Theta7     Theta8     Theta9    Theta10    Theta11    Theta12 
2000.00000 2136.85737 2000.00000 2000.00000 2000.00000 2000.00000 2000.00000 2000.00000 1853.42175 
   Theta13    Theta14    Theta15    Theta16    Theta17    Theta18    Theta19    Theta20    Theta21 
1854.25644 1832.96010 1933.23094 2167.19359 1844.41208 1859.57912 2000.00000 2000.00000 2000.00000 
   Theta22    Theta23    Theta24    Theta25    Theta26    Theta27    Theta28    Theta29      log_k 
2000.00000 1851.01641 2000.00000 2094.15720 1767.98740 2000.00000 2000.00000 2000.00000    0.00000 
log_mig111 log_mig121 log_mig131 log_mig141 log_mig113 log_mig123 log_mig132 log_mig142 log_mig114 
1266.37624 2705.09642 2000.00000 1329.94076  800.01356 2000.00000 2000.00000  139.05645 1527.03960 
log_mig124 log_mig134 log_mig144 log_mig211 log_mig221 log_mig231 log_mig241 log_mig213 log_mig223 
  57.33584 2000.00000 1747.30665 1867.69074 1382.10317 1018.82917 1110.45807  697.32407 1939.04446 
log_mig232 log_mig242 log_mig214 log_mig224 log_mig234 log_mig244 log_mig311 log_mig321 log_mig331 
2000.00000  133.84853 1719.70901   98.71732 1623.31019 1969.98632 1249.45545 1760.69938  391.52259 
log_mig341 log_mig313 log_mig323 log_mig332 log_mig342 log_mig314 log_mig324 log_mig334 log_mig344 
1177.08921  710.17633 1831.52844 1343.66853  144.51495 1570.77245   48.78767 1336.10716 1793.76481 
log_mig411 log_mig421 log_mig431 log_mig441 log_mig413 log_mig423 log_mig432 log_mig442 log_mig414 
1196.58960 2000.00000  814.61503 1206.27636  758.32356 2000.00000  451.05270  135.31222 1479.40717 
log_mig424 log_mig434 log_mig444 log_mig511 log_mig521 log_mig531 log_mig541 log_mig513 log_mig523 
 101.83048 2258.11499 2000.00000 1650.52764 2000.00000  857.36388 1175.16524  724.15817 2000.00000 
log_mig532 log_mig542 log_mig514 log_mig524 log_mig534 log_mig544 log_mig611 log_mig621 log_mig631 
 772.10535  137.38797 1462.35033  204.21807 1659.78680 1589.94258 1865.86004 1857.18843 1728.15254 
log_mig641 log_mig613 log_mig623 log_mig632 log_mig642 log_mig614 log_mig624 log_mig634 log_mig644 
1706.33913 2000.00000 2000.00000  486.43083 1337.42520 1806.72612 1694.12756 1857.11896 1732.99331 
         M        Myr          k    Qtotal1    Qtotal2    Qtotal3    Qtotal4    Qtotal5    Qtotal6 
2000.00000 2000.00000    0.00000 2000.00000 2000.00000 2000.00000 2000.00000 2000.00000 2000.00000 
   Qtotal7    Qtotal8    Qtotal9   Qtotal10   Qtotal11   Qtotal12   Qtotal13   Qtotal14   Qtotal15 
2000.00000 2000.00000 2239.76525 2000.00000 2113.34413 2000.00000 2000.00000 1856.70644 1659.31421 
  Qtotal16   Qtotal17   Qtotal18   Qtotal19   Qtotal20   Qtotal21   Qtotal22   Qtotal23   Qtotal24 
2000.00000 1678.53674 2000.00000 1830.31808 2000.00000 1751.81495 1864.94159 1958.40249 2000.00000 
  Qtotal25   Qtotal26   Qtotal27   Qtotal28   Qtotal29   Qtotal30   Qtotal31   Qtotal32   Qtotal33 
1950.82371 1848.06659 2097.35599 2000.00000 1846.22332 1900.95797 2000.00000 2000.00000 1847.98005 
        F1         F2         F3         F4         F5         F6         F7         F8         F9 
2000.00000 2000.00000 2000.00000 2000.00000    0.00000    0.00000    0.00000    0.00000    0.00000 
       F10        F11        F12        F13        F14        F15        F16        F17        F18 
   0.00000    0.00000 2000.00000 2000.00000 2000.00000 2000.00000 2000.00000    0.00000    0.00000 
       F19        F20        F21        F22        F23        F24        F25        F26        F27 
   0.00000    0.00000    0.00000    0.00000 2000.00000 2000.00000 2000.00000 2000.00000 2000.00000 
       F28        F29        F30        F31        F32        F33        F34        F35        F36 
2000.00000 2000.00000    0.00000    0.00000    0.00000    0.00000    0.00000    0.00000 2000.00000 
       F37        F38        F39        F40        F41        F42        F43        F44        F45 
2000.00000 2000.00000 2000.00000 2000.00000    0.00000    0.00000 2000.00000 2113.34019 2000.00000 
       F46        F47        F48        F49        F50        F51        F52        F53        F54 
2000.00000 1856.70556    0.00000    0.00000    0.00000    0.00000    0.00000    0.00000 2239.76656 
       F55        F56        F57        F58        F59        F60        F61        F62        F63 
2000.00000 2113.34627 2000.00000 2000.00000 1856.70837    0.00000    0.00000    0.00000    0.00000 
       F64        F65        F66        F67        F68        F69        F70        F71        F72 
   0.00000    0.00000 2239.75717 2000.00000 2113.33582 2000.00000 2000.00000 1856.70674    0.00000 
       F73        F74        F75        F76        F77        F78        F79        F80        F81 
   0.00000    0.00000    0.00000    0.00000    0.00000 2239.76138 2000.00000 2113.33907 2000.00000 
       F82        F83        F84        F85        F86        F87        F88        F89        F90 
2000.00000 1856.70736    0.00000 2000.00000 1751.81063 1864.93924 1958.40600 2000.00000 1950.82930 
       F91        F92        F93        F94        F95        F96        F97        F98        F99 
2000.00000    0.00000    0.00000    0.00000 2000.00000 1830.31933 2000.00000 1751.81139 1864.93742 
      F100       F101       F102       F103       F104       F105       F106       F107       F108 
1958.40165 2000.00000 1950.82613 2000.00000    0.00000    0.00000 1678.53744 2000.00000 1830.31875 
      F109       F110       F111       F112       F113       F114       F115       F116       F117 
2000.00000 1751.81242 1864.93868 1958.39772 2000.00000 1950.82090 2000.00000    0.00000    0.00000 
      F118       F119       F120       F121       F122       F123       F124       F125       F126 
   0.00000 2000.00000 1830.31875 2000.00000 1751.81093 1864.93595 1958.40283 2000.00000 1950.82459 
      F127       F128       F129       F130       F131       F132       F133       F134       F135 
1846.22363 1900.96084 2000.00000 2000.00000 1847.98092    0.00000    0.00000    0.00000    0.00000 
      F136       F137       F138       F139       F140       F141       F142       F143       F144 
1848.06555 2097.36814 2000.00000 1846.22101 1900.95327 2000.00000 2000.00000 1847.98309    0.00000 
      F145       F146       F147       F148       F149       F150       F151       F152       F153 
   0.00000    0.00000    0.00000 1848.06673 2097.35975 2000.00000 1846.22599 1900.95236 2000.00000 
      F154       F155       F156       F157       F158       F159       F160       F161       F162 
2000.00000 1847.98309    0.00000    0.00000    0.00000    0.00000    0.00000 2097.35656 2000.00000 
      F163       F164       F165       F166       F167       F168     Mig111     Mig121     Mig131 
1846.22392 1900.95797 2000.00000 2000.00000 1847.97992    0.00000 1787.63569 2696.76175 2000.00000 
    Mig141     Mig112     Mig122     Mig132     Mig142     Mig113     Mig123     Mig133     Mig143 
2000.00000 1791.52856 2692.61876 2000.00000 1497.62278 1699.22083 2000.00000 2000.00000 1769.16926 
    Mig114     Mig124     Mig134     Mig144     Mig211     Mig221     Mig231     Mig241     Mig212 
2000.00000  819.01497 2000.00000 1768.50674 1853.35348 1746.92534 1757.08666 1434.44804 1854.37290 
    Mig222     Mig232     Mig242     Mig213     Mig223     Mig233     Mig243     Mig214     Mig224 
1747.30151 2000.00000 1544.76889 1728.62654 2000.00000 2000.00000 1832.25151 1175.77313 2000.00000 
    Mig234     Mig244     Mig311     Mig321     Mig331     Mig341     Mig312     Mig322     Mig332 
1819.29545 1832.61491 1818.47187 1317.10484 1718.31992 2000.00000 1816.46942 1318.29104 1416.24230 
    Mig342     Mig313     Mig323     Mig333     Mig343     Mig314     Mig324     Mig334     Mig344 
2000.00000 1865.02306 1872.63684 1467.64084 1855.96667 1214.49058 1186.33373 1766.44655 1856.33470 
    Mig411     Mig421     Mig431     Mig441     Mig412     Mig422     Mig432     Mig442     Mig413 
1766.65417 2000.00000 1868.47983 2000.00000 1766.45532 2000.00000  822.54861 2000.00000 1792.29977 
    Mig423     Mig433     Mig443     Mig414     Mig424     Mig434     Mig444     Mig511     Mig521 
2000.00000  847.23798 2000.00000 2000.00000 2000.00000 1693.78824 2000.00000 1712.49516 2000.00000 
    Mig531     Mig541     Mig512     Mig522     Mig532     Mig542     Mig513     Mig523     Mig533 
1848.61912 1594.96469 1725.83319 2000.00000  887.72039 2000.00000 1804.72337 2000.00000  925.28093 
    Mig543     Mig514     Mig524     Mig534     Mig544     Mig611     Mig621     Mig631     Mig641 
1917.21272 1647.15630 1458.23253 2000.00000 1908.58381 2000.00000 2000.00000 1783.03086 1312.93755 
    Mig612     Mig622     Mig632     Mig642     Mig613     Mig623     Mig633     Mig643     Mig614 
1867.79231 2000.00000 1256.32050 2000.00000 2000.00000 2131.25147 1275.49304 1714.83817 2000.00000 
    Mig624     Mig634     Mig644 
2000.00000 2000.00000 1712.41284 

=== GEWEKE CONVERGENCE DIAGNOSTIC ===

Fraction in 1st window = 0.1
Fraction in 2nd window = 0.5 

     NegLL      log_M     log_q1     log_q2     log_q3     log_q4     Theta1     Theta2     Theta3 
  3.412455   0.099421  -0.145551  -2.229114  -1.050257   0.778994   1.148362   1.339720   0.574944 
    Theta4     Theta5     Theta6     Theta7     Theta8     Theta9    Theta10    Theta11    Theta12 
 -0.158568   0.945639   0.837244   0.193105   1.001196   2.515071   0.569972   2.220929   1.605071 
   Theta13    Theta14    Theta15    Theta16    Theta17    Theta18    Theta19    Theta20    Theta21 
  0.143638   0.010451   0.836467   1.495931   1.017447   1.007743  -0.486822   0.820115   0.101396 
   Theta22    Theta23    Theta24    Theta25    Theta26    Theta27    Theta28    Theta29      log_k 
 -0.401507   0.138157  -0.845568  -1.364123  -1.304294  -0.773209  -1.917005  -0.477379        NaN 
log_mig111 log_mig121 log_mig131 log_mig141 log_mig113 log_mig123 log_mig132 log_mig142 log_mig114 
  1.013541  -1.593141  -0.678586   0.496111  -0.034749  -1.065777   0.420782   1.810644  -0.663010 
log_mig124 log_mig134 log_mig144 log_mig211 log_mig221 log_mig231 log_mig241 log_mig213 log_mig223 
  1.699902  -0.412935  -0.342786  -0.956887   0.924028  -0.292109  -1.503094  -0.720033  -0.815979 
log_mig232 log_mig242 log_mig214 log_mig224 log_mig234 log_mig244 log_mig311 log_mig321 log_mig331 
 -0.865822  -0.773786  -2.296609  -1.483764  -0.367544  -0.110701  -1.819812   0.009691   2.162114 
log_mig341 log_mig313 log_mig323 log_mig332 log_mig342 log_mig314 log_mig324 log_mig334 log_mig344 
 -0.156799   0.620703  -1.468368  -1.189405  -0.845669  -0.413012  -1.346929   0.424103   0.314609 
log_mig411 log_mig421 log_mig431 log_mig441 log_mig413 log_mig423 log_mig432 log_mig442 log_mig414 
 -1.613382   1.130361  -0.795620  -1.078679   0.387598   1.942134  -0.001326  -0.307112   0.195656 
log_mig424 log_mig434 log_mig444 log_mig511 log_mig521 log_mig531 log_mig541 log_mig513 log_mig523 
 -0.618014   2.027219   0.767155  -0.010131  -0.612593  -0.005961  -0.763582   0.244542   0.364346 
log_mig532 log_mig542 log_mig514 log_mig524 log_mig534 log_mig544 log_mig611 log_mig621 log_mig631 
 -0.754414  -1.260038  -0.947604  -0.009610  -1.503612  -0.279928  -0.859178   0.132515   1.166439 
log_mig641 log_mig613 log_mig623 log_mig632 log_mig642 log_mig614 log_mig624 log_mig634 log_mig644 
 -0.512877   0.073013  -0.306812  -0.561164   1.217216   0.079315   1.332910  -0.121859  -0.929962 
         M        Myr          k    Qtotal1    Qtotal2    Qtotal3    Qtotal4    Qtotal5    Qtotal6 
  0.105224   0.105240        NaN   2.475754   0.792811  -0.187828   0.143983  -0.268003   0.861286 
   Qtotal7    Qtotal8    Qtotal9   Qtotal10   Qtotal11   Qtotal12   Qtotal13   Qtotal14   Qtotal15 
  0.546086  -0.191483  -0.768558  -2.183824   0.774434  -1.300089   0.667323   0.402469   0.375493 
  Qtotal16   Qtotal17   Qtotal18   Qtotal19   Qtotal20   Qtotal21   Qtotal22   Qtotal23   Qtotal24 
 -0.698008   0.570495   1.117296   0.352019  -1.060282   0.179913  -1.657539  -0.078964  -1.108762 
  Qtotal25   Qtotal26   Qtotal27   Qtotal28   Qtotal29   Qtotal30   Qtotal31   Qtotal32   Qtotal33 
 -1.593661   0.618005  -0.568906  -0.851842   0.883750  -1.076843  -0.209774  -2.238414   0.152651 
        F1         F2         F3         F4         F5         F6         F7         F8         F9 
 -0.187819   0.143998  -0.268006   0.861306        NaN        NaN        NaN        NaN        NaN 
       F10        F11        F12        F13        F14        F15        F16        F17        F18 
       NaN        NaN   0.792824  -0.187838   0.143978  -0.267999   0.861331        NaN        NaN 
       F19        F20        F21        F22        F23        F24        F25        F26        F27 
       NaN        NaN        NaN        NaN   2.475752   0.792810  -0.187841   0.143983  -0.268005 
       F28        F29        F30        F31        F32        F33        F34        F35        F36 
  0.861331   0.546086        NaN        NaN        NaN        NaN        NaN        NaN   0.792814 
       F37        F38        F39        F40        F41        F42        F43        F44        F45 
 -0.187843   0.143992  -0.268003   0.861309        NaN        NaN  -2.183859   0.774441  -1.300072 
       F46        F47        F48        F49        F50        F51        F52        F53        F54 
  0.667330   0.402456        NaN        NaN        NaN        NaN        NaN        NaN  -0.768539 
       F55        F56        F57        F58        F59        F60        F61        F62        F63 
 -2.183825   0.774442  -1.300094   0.667318   0.402455        NaN        NaN        NaN        NaN 
       F64        F65        F66        F67        F68        F69        F70        F71        F72 
       NaN        NaN  -0.768569  -2.183828   0.774448  -1.300083   0.667328   0.402452        NaN 
       F73        F74        F75        F76        F77        F78        F79        F80        F81 
       NaN        NaN        NaN        NaN        NaN  -0.768558  -2.183822   0.774450  -1.300102 
       F82        F83        F84        F85        F86        F87        F88        F89        F90 
  0.667323   0.402463        NaN  -1.060260   0.179899  -1.657566  -0.078969  -1.108752  -1.593668 
       F91        F92        F93        F94        F95        F96        F97        F98        F99 
 -0.698003        NaN        NaN        NaN   1.117283   0.352015  -1.060276   0.179895  -1.657563 
      F100       F101       F102       F103       F104       F105       F106       F107       F108 
 -0.078965  -1.108748  -1.593654  -0.698011        NaN        NaN   0.570480   1.117262   0.352017 
      F109       F110       F111       F112       F113       F114       F115       F116       F117 
 -1.060264   0.179898  -1.657578  -0.078970  -1.108731  -1.593645  -0.697996        NaN        NaN 
      F118       F119       F120       F121       F122       F123       F124       F125       F126 
       NaN   1.117296   0.352017  -1.060276   0.179905  -1.657605  -0.078958  -1.108789  -1.593680 
      F127       F128       F129       F130       F131       F132       F133       F134       F135 
  0.883744  -1.076855  -0.209755  -2.238413   0.152657        NaN        NaN        NaN        NaN 
      F136       F137       F138       F139       F140       F141       F142       F143       F144 
  0.617999  -0.568878  -0.851810   0.883731  -1.076859  -0.209770  -2.238426   0.152658        NaN 
      F145       F146       F147       F148       F149       F150       F151       F152       F153 
       NaN        NaN        NaN   0.617998  -0.568876  -0.851856   0.883762  -1.076834  -0.209750 
      F154       F155       F156       F157       F158       F159       F160       F161       F162 
 -2.238411   0.152658        NaN        NaN        NaN        NaN        NaN  -0.568894  -0.851832 
      F163       F164       F165       F166       F167       F168     Mig111     Mig121     Mig131 
  0.883743  -1.076843  -0.209775  -2.238403   0.152645        NaN   0.231480  -1.756544  -0.591867 
    Mig141     Mig112     Mig122     Mig132     Mig142     Mig113     Mig123     Mig133     Mig143 
 -0.549708  -0.211985   1.746368   0.796987  -1.506050  -1.296308  -1.006729  -0.316436   0.448511 
    Mig114     Mig124     Mig134     Mig144     Mig211     Mig221     Mig231     Mig241     Mig212 
 -1.169011   2.094954  -0.566044  -0.446369  -0.991970   0.751894  -1.039696   0.992327   0.990498 
    Mig222     Mig232     Mig242     Mig213     Mig223     Mig233     Mig243     Mig214     Mig224 
 -0.745552  -0.849217   0.988277   0.474244  -1.230799   0.879486  -0.166140  -2.011955  -0.177218 
    Mig234     Mig244     Mig311     Mig321     Mig331     Mig341     Mig312     Mig322     Mig332 
 -0.208264   0.154886  -1.025499   0.255362   1.414196  -2.149588   0.960728  -0.224882  -0.578885 
    Mig342     Mig313     Mig323     Mig333     Mig343     Mig314     Mig324     Mig334     Mig344 
 -0.735202   2.090563  -1.940833   0.567260  -0.369268  -0.512429  -2.040851  -0.257748   0.373128 
    Mig411     Mig421     Mig431     Mig441     Mig412     Mig422     Mig432     Mig442     Mig413 
 -0.997856   0.678473  -1.187139  -1.295966   0.951337  -0.696744   0.333560   0.998454   1.553282 
    Mig423     Mig433     Mig443     Mig414     Mig424     Mig434     Mig444     Mig511     Mig521 
  2.391509  -0.529003  -0.298619  -0.443056  -0.009528   2.060550   0.288328  -0.509464  -0.650214 
    Mig531     Mig541     Mig512     Mig522     Mig532     Mig542     Mig513     Mig523     Mig533 
 -0.735045  -1.395226   0.517458   0.643205  -0.475871   0.062125  -0.296191   0.093966   0.527574 
    Mig543     Mig514     Mig524     Mig534     Mig544     Mig611     Mig621     Mig631     Mig641 
 -0.920795  -1.728127   0.770381  -0.350964   0.924125  -1.218629   0.181531   0.796960  -0.426568 
    Mig612     Mig622     Mig632     Mig642     Mig613     Mig623     Mig633     Mig643     Mig614 
  0.721586   0.106150  -0.496100   1.265020   1.283310  -0.413797   0.247452   0.954117   0.499993 
    Mig624     Mig634     Mig644 
  1.249909  -0.009024  -0.974443 

