# Number of parameters = 191 Objective function value = 9464.02821765932  Maximum gradient component = 3.78441408314729e-005
# log_M:
-3.14265781725
# log_q:
 -5.62878850947 -7.95334190670 -5.87579206036 -5.91886023870
# theta:
 -0.0953130168845 -0.113619232337 -0.473266885308 0.327760286054 1.49487716282 -0.0543020023183 1.53952828863 0.0261685587638 -0.133096471119 0.0762395920481 0.0304591480170 0.0236368364664 2.27025133713 2.12649683906 -0.157661913911 1.32268612631 1.96371090736 1.22565615480 1.06784802475 0.0305093809707 -0.341780618129 -0.132270482656 0.886900904292 0.386823058460 -0.116320459155 1.89910041833 2.55935795679 2.55931558384 1.39537391621
# log_k:
0.916290731874
# logmigparam:
 6.62987230772 -2.23950427003 -1.05685627870 -13.0176018497
 -1.97504974777 -6.06057362322 1.02740027280 -10.3300574289
 -10.6450922785 -11.0843817826 -2.42719971558 5.24673447289
 6.32964120310 -2.50578705310 -6.62472600829 -14.8190131393
 -3.17722572967 -6.95162885877 -0.152089459974 -11.9288559685
 -10.9339264288 -11.1860153606 -4.95503835522 3.59831161377
 7.90831585572 -4.64119703800 -8.01143314617 -13.8995357203
 -1.43851476111 -6.96587271094 -4.63206274900 -10.8660991627
 -9.25148157302 -11.2430362826 -5.99765721934 4.49629909633
 6.91715248518 -3.56275801384 -7.49164699021 -11.4122861710
 -2.34334668278 -6.82295225164 -2.72732500544 -8.60589196673
 -9.89882986016 -10.7309873463 -5.42659434609 6.35143705463
 4.84846033605 -3.10083680284 -6.78711102375 -9.15377925879
 -3.67159077391 -6.17781681568 -3.66757914937 -6.75260639837
 -11.5240493965 -10.2950783191 -4.85034624811 7.53756791261
 2.43655058365 -0.0525495733573 -2.28450244201 -3.76924843465
 1.45444189528 -0.844454260274 -0.165873067510 -2.27243188540
 -3.26469561883 -6.62581434598 -3.31373201805 -0.637587897275
# log_mageffv:
 -1.70849847277 -2.13151066747 -1.50462864656 -1.67427529554 -2.84825965281 -0.996325891480 -1.34478995040 -0.704128444929 -1.15932042632 -2.46496267846 -2.14694506985 -2.36910401690 -1.61647414402 -2.15979182721 -3.32946137215 -1.14453653855 -0.212857083219 -0.828191399758 -1.02294996800 -1.46798474996 -1.08222212978 -0.543025750056 -0.732822754244 -1.88871627440 -0.527284929022 -0.807181941667 -0.803779256665 -0.966949096194 -0.665404085973 -0.118232369660 -0.732822754244 -2.45389965679 -1.03104642256 -1.35646964752 -1.43004014872 -1.82230365557 -1.23112449192 -0.970130354290 -0.550370835363 -2.55312245514 -2.52680799611 -0.810771079944 -0.686050926174 -2.21964038426 -0.732822754244 -2.31167823694 -1.82002145881 -1.34979859805 -2.83814516588 -2.46091518087 -1.62657339715 -1.04640662049 -0.732822754244 -0.807499839114 -2.93866736580 -3.11305064507 -1.48503266571 -1.85092862195 -1.10001173530 -0.732822754244 -0.732822754244 -2.80585155382 -2.30228964622 -0.284486843835 -1.85641404587 -2.43599333232 -0.601954644377 -0.681701942017 -0.620904148665 -0.363427571888 -0.561951399986 -2.87928190973 -3.13013294819 -0.337366247999 -0.795988727156 -0.736200461565 -1.19930739718 -2.49498872703 -3.11960654613 -2.68364397710 -0.386907674538 -1.57455532953 -1.45630870421 -1.46656612712 -1.21729670614
