# Number of parameters = 191 Objective function value = 9542.02341264365  Maximum gradient component = 5.09975597685271e-005
# log_M:
-3.00897607028
# log_q:
 -5.51792475902 -8.18292254153 -5.76008606119 -6.03378373987
# theta:
 -0.231011158053 -0.566091436804 -0.708133319964 -0.0384156764041 1.51143638121 -0.196054132608 1.14116147276 0.101593916311 -0.103025849240 0.135488772477 0.154171533783 0.145052567971 2.46894362877 2.67906137822 -0.0829889477150 0.789102386045 2.04325574804 1.11643132370 0.884870778714 0.0100904150195 -0.191729707618 0.0777019128661 0.949033732988 0.417992697107 -0.127298989527 2.13111591256 2.70832439684 2.65713204868 1.52146846640
# log_k:
0.916290731874
# logmigparam:
 -1.35026053236 -0.113049561375 -0.874113684211 -13.3412455048
 2.00107899120 -5.77029839107 1.33509496867 -10.4109335945
 -13.3602335355 -11.1244451417 -2.07360309184 5.10569737933
 6.04007304818 -2.34445208293 -6.63920568002 -14.6827864819
 -3.34162785904 -6.89193322002 0.0841826340874 -11.5362880000
 -11.3121977733 -11.2551323987 -4.80488373546 3.92989158690
 7.62556246880 -4.76055722722 -8.05854991081 -14.1662223298
 -1.73597044813 -7.02325155753 -4.44233457554 -10.8792704968
 -9.63446095269 -11.3288678948 -5.94269521688 4.39315353406
 6.73284452758 -3.50722671529 -7.45985494390 -11.3698113029
 -2.60424603935 -6.92850632259 -2.59140641561 -8.46754423213
 -10.3004804399 -10.9499218406 -5.42007048033 6.34749403076
 4.58862123788 -3.13422059528 -6.68307512168 -9.03703091819
 -4.07133180699 -6.30899150334 -3.32267098996 -6.58044059140
 -12.2344004227 -10.6646637849 -4.88264564721 7.47854008194
 -3.58679988440 -5.07586795178 0.863770820335 2.61011962947
 -0.121313064758 -1.26217093780 0.514688686090 -0.372724670306
 -4.82223126971 -6.93569033879 -2.71597951413 1.22342049567
# log_mageffv:
 -1.49982956565 -2.30577971912 -1.48523193371 -1.58930057795 -3.07435034466 -0.398787229251 -1.23559241395 -0.357499921979 -0.766242669012 -2.42000378338 -1.24528119559 -1.98351315152 -1.05884021120 -1.43556765021 -3.15597169645 -0.557387476892 -0.0500044090448 -0.624606031865 -0.833029114212 -1.30146710308 -1.01538318426 -0.981803790795 -1.79240726403 -1.46657228839 -0.450138617254 -0.675106090609 -0.681422542782 -0.862742791370 -0.633801079958 -0.562260270619 -1.79240726403 -2.15908767506 -1.00144784848 -1.28203233553 -1.38523614421 -1.78559137977 -1.28301563011 -1.32734017928 -0.659443296449 -2.54524909148 -2.47750669673 -0.928542729743 -0.526721522647 -2.47278982539 -1.79240726403 -1.69893680821 -1.99525486911 -1.33553061825 -2.76229363736 -2.33067050385 -1.67195643999 -0.949780150365 -1.79240726403 -0.0500012032628 -1.47269120005 -3.49999950343 -1.60415510488 -1.80195666909 -0.960381763502 -1.79240726403 -1.79240726403 -1.00381586566 -2.90374014557 -0.582836860299 -2.03617669584 -2.46838333732 -0.771048138935 -0.659272816384 -0.642501449911 -0.228616069329 -0.452254558880 -2.97588078247 -3.05793196805 -0.246831707183 -0.681121165410 -0.584357142735 -1.08236023098 -2.55866314981 -3.08058822870 -2.59157906817 -0.283390579989 -1.46318696916 -1.29252134776 -1.32825927732 -1.24541538427
