
=== POSTERIOR SUMMARY STATS (CODA) ===

Iterations = 1:2000
Thinning interval = 1 
Number of chains = 1 
Sample size per chain = 2000 

1. Empirical mean and standard deviation for each variable,
   plus standard error of the mean:

                 Mean        SD  Naive SE Time-series SE
NegLL       1.050e+04 7.410e+00 1.657e-01      2.733e-01
log_M      -2.563e+00 2.176e-02 4.865e-04      4.865e-04
log_q1     -4.512e+00 1.223e-01 2.735e-03      2.866e-03
log_q2     -8.112e+00 6.561e-02 1.467e-03      1.467e-03
log_q3     -4.060e+00 8.409e-02 1.880e-03      1.880e-03
log_q4     -6.690e+00 1.570e-01 3.511e-03      3.511e-03
Theta1     -3.631e+00 6.047e-01 1.352e-02      1.352e-02
Theta2     -1.009e+00 1.290e-01 2.883e-03      2.764e-03
Theta3      5.141e-02 1.192e-01 2.666e-03      2.666e-03
Theta4     -1.210e+00 2.166e-01 4.844e-03      5.343e-03
Theta5     -1.261e+00 2.068e-01 4.623e-03      4.802e-03
Theta6     -1.519e+00 1.031e+00 2.306e-02      2.306e-02
Theta7      9.030e-01 1.041e-01 2.328e-03      2.328e-03
Theta8      1.739e-01 8.717e-02 1.949e-03      1.949e-03
Theta9      3.736e-02 8.317e-02 1.860e-03      1.860e-03
Theta10    -5.687e-01 9.058e-02 2.025e-03      2.025e-03
Theta11    -1.936e-01 9.010e-02 2.015e-03      2.015e-03
Theta12     1.520e-01 9.067e-02 2.027e-03      2.133e-03
Theta13     2.041e+00 1.017e+00 2.275e-02      2.381e-02
Theta14    -1.998e+00 1.013e+00 2.266e-02      2.266e-02
Theta15    -4.310e+00 1.681e-01 3.760e-03      3.848e-03
Theta16    -3.003e+00 1.248e-01 2.791e-03      2.791e-03
Theta17    -8.601e-01 1.407e-01 3.147e-03      3.595e-03
Theta18    -5.718e-01 1.348e-01 3.013e-03      3.013e-03
Theta19    -6.986e-01 1.412e-01 3.158e-03      3.333e-03
Theta20    -9.299e-01 1.360e-01 3.040e-03      3.040e-03
Theta21     9.680e-01 1.016e-01 2.273e-03      2.011e-03
Theta22     2.225e+00 1.045e-01 2.338e-03      2.338e-03
Theta23     2.410e+00 2.627e-01 5.873e-03      5.873e-03
Theta24     1.767e+00 2.276e-01 5.089e-03      5.089e-03
Theta25     2.582e-01 2.052e-01 4.590e-03      4.590e-03
Theta26     1.718e+00 2.255e-01 5.043e-03      5.043e-03
Theta27     9.676e-01 1.978e-01 4.424e-03      4.424e-03
Theta28     8.959e-02 2.046e-01 4.575e-03      4.575e-03
Theta29    -1.358e+00 2.270e-01 5.075e-03      5.075e-03
log_k       9.163e-01 0.000e+00 0.000e+00      0.000e+00
log_mig111  6.485e+00 1.943e+00 4.344e-02      5.673e-02
log_mig121 -3.371e+00 2.503e-01 5.596e-03      5.596e-03
log_mig131 -1.114e+00 1.602e-01 3.582e-03      3.846e-03
log_mig141 -3.514e+02 2.037e+02 4.556e+00      5.876e+00
log_mig113 -4.474e+00 4.037e+00 9.026e-02      1.359e-01
log_mig123 -7.530e+00 5.561e-01 1.244e-02      1.244e-02
log_mig132  2.849e+00 1.000e-01 2.236e-03      2.236e-03
log_mig142 -3.064e+02 2.030e+02 4.539e+00      1.720e+01
log_mig114 -3.512e+02 2.004e+02 4.482e+00      5.208e+00
log_mig124 -5.409e+01 4.314e+01 9.646e-01      5.154e+00
log_mig134 -1.131e+00 2.320e-01 5.187e-03      5.311e-03
log_mig144  6.047e+00 3.983e-01 8.907e-03      1.202e-02
log_mig211  5.813e+00 6.104e-01 1.365e-02      1.436e-02
log_mig221 -4.647e+00 4.857e-01 1.086e-02      1.207e-02
log_mig231 -1.066e+01 3.130e+00 6.998e-02      1.027e-01
log_mig241 -3.441e+02 2.009e+02 4.491e+00      5.722e+00
log_mig213 -6.776e+00 4.020e+00 8.988e-02      1.478e-01
log_mig223 -8.210e+00 5.799e-01 1.297e-02      1.444e-02
log_mig232  9.432e-02 2.319e-01 5.185e-03      5.468e-03
log_mig242 -3.272e+02 1.997e+02 4.466e+00      1.729e+01
log_mig214 -3.507e+02 2.078e+02 4.646e+00      5.252e+00
log_mig224 -3.938e+01 2.825e+01 6.317e-01      2.115e+00
log_mig234 -5.796e+00 1.292e+00 2.890e-02      3.232e-02
log_mig244  5.414e+00 6.983e-01 1.562e-02      2.405e-02
log_mig311  8.286e+00 1.830e+00 4.091e-02      5.208e-02
log_mig321 -5.805e+00 7.573e-01 1.693e-02      1.693e-02
log_mig331 -1.110e+01 3.203e+00 7.162e-02      1.092e-01
log_mig341 -3.560e+02 1.961e+02 4.384e+00      6.230e+00
log_mig313 -4.102e+00 4.187e+00 9.361e-02      1.282e-01
log_mig323 -8.237e+00 5.496e-01 1.229e-02      1.431e-02
log_mig332 -3.784e+00 7.074e-01 1.582e-02      1.948e-02
log_mig342 -3.146e+02 2.015e+02 4.505e+00      1.730e+01
log_mig314 -3.575e+02 2.057e+02 4.600e+00      5.201e+00
log_mig324 -5.362e+01 5.021e+01 1.123e+00      7.900e+00
log_mig334 -6.593e+00 1.305e+00 2.917e-02      3.497e-02
log_mig344  5.141e+00 4.408e-01 9.856e-03      1.446e-02
log_mig411  6.967e+00 1.791e+00 4.005e-02      5.939e-02
log_mig421 -2.470e+00 3.865e-01 8.643e-03      1.046e-02
log_mig431 -1.046e+01 3.156e+00 7.057e-02      1.166e-01
log_mig441 -3.653e+02 2.051e+02 4.587e+00      5.823e+00
log_mig413 -4.914e+00 4.336e+00 9.696e-02      1.594e-01
log_mig423 -7.663e+00 5.566e-01 1.245e-02      1.245e-02
log_mig432 -3.655e+00 1.334e+00 2.982e-02      8.782e-02
log_mig442 -3.209e+02 2.054e+02 4.594e+00      1.883e+01
log_mig414 -3.387e+02 2.015e+02 4.507e+00      5.293e+00
log_mig424 -4.650e+01 3.790e+01 8.475e-01      4.655e+00
log_mig434 -5.929e+00 1.259e+00 2.814e-02      3.009e-02
log_mig444  7.072e+00 5.883e-01 1.315e-02      1.407e-02
log_mig511  4.723e+00 6.305e-01 1.410e-02      1.509e-02
log_mig521 -3.941e+00 6.233e-01 1.394e-02      1.458e-02
log_mig531 -9.846e+00 3.117e+00 6.971e-02      1.047e-01
log_mig541 -3.488e+02 2.041e+02 4.564e+00      5.871e+00
log_mig513 -6.417e+00 4.232e+00 9.463e-02      1.857e-01
log_mig523 -6.654e+00 5.824e-01 1.302e-02      1.302e-02
log_mig532 -4.086e+00 1.498e+00 3.350e-02      6.103e-02
log_mig542 -3.141e+02 2.032e+02 4.543e+00      1.628e+01
log_mig514 -3.467e+02 1.982e+02 4.433e+00      5.000e+00
log_mig524 -4.706e+01 3.936e+01 8.802e-01      4.447e+00
log_mig534 -5.069e+00 1.319e+00 2.949e-02      3.145e-02
log_mig544  8.817e+00 1.261e+00 2.819e-02      3.063e-02
log_mig611  7.637e-01 2.569e-01 5.744e-03      5.934e-03
log_mig621 -1.578e+00 1.441e-01 3.221e-03      3.515e-03
log_mig631 -4.493e+00 5.630e-01 1.259e-02      1.301e-02
log_mig641 -6.378e+00 6.275e-01 1.403e-02      1.403e-02
log_mig613  8.990e-01 2.037e-01 4.555e-03      4.555e-03
log_mig623 -6.685e-01 8.061e-02 1.802e-03      1.886e-03
log_mig632 -1.641e-01 2.025e-01 4.527e-03      4.607e-03
log_mig642 -2.972e+00 2.493e-01 5.576e-03      5.576e-03
log_mig614 -4.290e+00 6.574e-01 1.470e-02      1.627e-02
log_mig624 -7.078e+00 6.277e-01 1.404e-02      1.404e-02
log_mig634 -4.018e+00 2.754e-01 6.158e-03      6.158e-03
log_mig644 -1.913e+00 1.376e-01 3.076e-03      3.076e-03
M           7.706e-02 1.677e-03 3.749e-05      3.749e-05
Myr         9.247e-01 2.012e-02 4.499e-04      4.499e-04
k           2.500e+00 0.000e+00 0.000e+00      0.000e+00
Qtotal1     3.451e-04 2.065e-04 4.618e-06      4.618e-06
Qtotal2     4.030e-03 4.655e-04 1.041e-05      1.139e-05
Qtotal3     1.106e-02 1.321e-03 2.954e-05      3.082e-05
Qtotal4     1.167e-02 1.588e-03 3.551e-05      3.952e-05
Qtotal5     3.351e-03 7.407e-04 1.656e-05      1.830e-05
Qtotal6     3.178e-03 6.658e-04 1.489e-05      1.575e-05
Qtotal7     4.044e-03 5.184e-03 1.159e-04      1.118e-04
Qtotal8     7.431e-04 6.652e-05 1.488e-06      1.488e-06
Qtotal9     3.578e-04 2.423e-05 5.418e-07      5.418e-07
Qtotal10    3.007e-04 1.970e-05 4.405e-07      4.405e-07
Qtotal11    3.121e-04 2.048e-05 4.580e-07      4.580e-07
Qtotal12    1.703e-04 1.219e-05 2.726e-07      2.726e-07
Qtotal13    2.479e-04 1.836e-05 4.106e-07      4.657e-07
Qtotal14    3.503e-04 2.689e-05 6.014e-07      6.270e-07
Qtotal15    3.909e-03 6.664e-03 1.490e-04      1.490e-04
Qtotal16    4.002e-03 7.028e-03 1.571e-04      1.571e-04
Qtotal17    2.345e-04 3.600e-05 8.049e-07      8.480e-07
Qtotal18    8.611e-04 8.719e-05 1.950e-06      1.950e-06
Qtotal19    7.344e-03 8.083e-04 1.807e-05      2.045e-05
Qtotal20    1.731e-02 1.451e-03 3.245e-05      3.245e-05
Qtotal21    9.804e-03 1.136e-03 2.540e-05      2.540e-05
Qtotal22    8.648e-03 1.106e-03 2.474e-05      2.474e-05
Qtotal23    6.862e-03 8.738e-04 1.954e-05      1.954e-05
Qtotal24    4.552e-02 3.033e-03 6.783e-05      6.783e-05
Qtotal25    1.601e-01 1.138e-02 2.546e-04      2.546e-04
Qtotal26    1.423e-02 3.425e-03 7.659e-05      7.659e-05
Qtotal27    7.424e-03 1.498e-03 3.350e-05      3.350e-05
Qtotal28    1.634e-03 2.851e-04 6.376e-06      6.376e-06
Qtotal29    1.259e-03 2.009e-04 4.491e-06      4.491e-06
Qtotal30    7.093e-03 1.594e-03 3.565e-05      3.839e-05
Qtotal31    3.310e-03 5.023e-04 1.123e-05      9.020e-06
Qtotal32    1.375e-03 2.034e-04 4.548e-06      4.548e-06
Qtotal33    3.260e-04 6.435e-05 1.439e-06      1.506e-06
F1          4.312e-01 5.153e-02 1.152e-03      1.202e-03
F2          3.383e-01 4.605e-02 1.030e-03      1.146e-03
F3          9.384e-02 2.074e-02 4.637e-04      5.123e-04
F4          0.000e+00 0.000e+00 0.000e+00      0.000e+00
F5          0.000e+00 0.000e+00 0.000e+00      0.000e+00
F6          0.000e+00 0.000e+00 0.000e+00      0.000e+00
F7          0.000e+00 0.000e+00 0.000e+00      0.000e+00
F8          0.000e+00 0.000e+00 0.000e+00      0.000e+00
F9          0.000e+00 0.000e+00 0.000e+00      0.000e+00
F10         0.000e+00 0.000e+00 0.000e+00      0.000e+00
F11         0.000e+00 0.000e+00 0.000e+00      0.000e+00
F12         4.836e-02 5.586e-03 1.249e-04      1.366e-04
F13         3.870e-01 4.624e-02 1.034e-03      1.079e-03
F14         5.016e-01 6.828e-02 1.527e-03      1.699e-03
F15         9.384e-02 2.074e-02 4.637e-04      5.123e-04
F16         7.310e-02 1.531e-02 3.424e-04      3.623e-04
F17         0.000e+00 0.000e+00 0.000e+00      0.000e+00
F18         0.000e+00 0.000e+00 0.000e+00      0.000e+00
F19         0.000e+00 0.000e+00 0.000e+00      0.000e+00
F20         0.000e+00 0.000e+00 0.000e+00      0.000e+00
F21         0.000e+00 0.000e+00 0.000e+00      0.000e+00
F22         0.000e+00 0.000e+00 0.000e+00      0.000e+00
F23         1.035e-03 6.196e-04 1.385e-05      1.385e-05
F24         8.865e-02 1.024e-02 2.290e-04      2.505e-04
F25         3.870e-01 4.624e-02 1.034e-03      1.079e-03
F26         4.666e-01 6.352e-02 1.420e-03      1.581e-03
F27         1.240e-01 2.741e-02 6.128e-04      6.770e-04
F28         4.768e-02 9.987e-03 2.233e-04      2.363e-04
F29         0.000e+00 0.000e+00 0.000e+00      0.000e+00
F30         0.000e+00 0.000e+00 0.000e+00      0.000e+00
F31         0.000e+00 0.000e+00 0.000e+00      0.000e+00
F32         0.000e+00 0.000e+00 0.000e+00      0.000e+00
F33         0.000e+00 0.000e+00 0.000e+00      0.000e+00
F34         0.000e+00 0.000e+00 0.000e+00      0.000e+00
F35         0.000e+00 0.000e+00 0.000e+00      0.000e+00
F36         1.773e-01 2.048e-02 4.580e-04      5.010e-04
F37         5.528e-01 6.606e-02 1.477e-03      1.541e-03
F38         4.199e-01 5.717e-02 1.278e-03      1.423e-03
F39         6.368e-02 1.407e-02 3.147e-04      3.476e-04
F40         9.218e-02 1.931e-02 4.318e-04      4.569e-04
F41         0.000e+00 0.000e+00 0.000e+00      0.000e+00
F42         0.000e+00 0.000e+00 0.000e+00      0.000e+00
F43         5.442e-02 3.566e-03 7.973e-05      7.973e-05
F44         5.930e-02 3.892e-03 8.702e-05      8.702e-05
F45         2.844e-02 2.036e-03 4.553e-05      4.553e-05
F46         4.313e-02 3.195e-03 7.145e-05      8.103e-05
F47         3.678e-02 2.824e-03 6.314e-05      6.583e-05
F48         0.000e+00 0.000e+00 0.000e+00      0.000e+00
F49         0.000e+00 0.000e+00 0.000e+00      0.000e+00
F50         0.000e+00 0.000e+00 0.000e+00      0.000e+00
F51         0.000e+00 0.000e+00 0.000e+00      0.000e+00
F52         0.000e+00 0.000e+00 0.000e+00      0.000e+00
F53         2.675e-02 2.395e-03 5.355e-05      5.355e-05
F54         7.156e-02 4.846e-03 1.084e-04      1.084e-04
F55         6.615e-02 4.334e-03 9.691e-05      9.691e-05
F56         6.398e-02 4.199e-03 9.389e-05      9.389e-05
F57         2.879e-02 2.061e-03 4.608e-05      4.608e-05
F58         5.231e-02 3.875e-03 8.665e-05      9.826e-05
F59         5.009e-02 3.846e-03 8.600e-05      8.966e-05
F60         0.000e+00 0.000e+00 0.000e+00      0.000e+00
F61         0.000e+00 0.000e+00 0.000e+00      0.000e+00
F62         0.000e+00 0.000e+00 0.000e+00      0.000e+00
F63         0.000e+00 0.000e+00 0.000e+00      0.000e+00
F64         0.000e+00 0.000e+00 0.000e+00      0.000e+00
F65         2.972e-02 2.661e-03 5.950e-05      5.950e-05
F66         4.973e-02 3.368e-03 7.531e-05      7.531e-05
F67         5.472e-02 3.585e-03 8.017e-05      8.017e-05
F68         5.306e-02 3.482e-03 7.786e-05      7.786e-05
F69         2.691e-02 1.926e-03 4.308e-05      4.308e-05
F70         4.636e-02 3.434e-03 7.679e-05      8.708e-05
F71         3.398e-02 2.609e-03 5.833e-05      6.082e-05
F72         0.000e+00 0.000e+00 0.000e+00      0.000e+00
F73         0.000e+00 0.000e+00 0.000e+00      0.000e+00
F74         0.000e+00 0.000e+00 0.000e+00      0.000e+00
F75         0.000e+00 0.000e+00 0.000e+00      0.000e+00
F76         0.000e+00 0.000e+00 0.000e+00      0.000e+00
F77         2.006e-02 1.796e-03 4.016e-05      4.016e-05
F78         4.329e-02 2.932e-03 6.556e-05      6.556e-05
F79         3.879e-02 2.541e-03 5.683e-05      5.683e-05
F80         4.057e-02 2.663e-03 5.954e-05      5.954e-05
F81         2.640e-02 1.890e-03 4.226e-05      4.226e-05
F82         3.619e-02 2.681e-03 5.995e-05      6.799e-05
F83         1.541e-02 1.183e-03 2.646e-05      2.759e-05
F84         0.000e+00 0.000e+00 0.000e+00      0.000e+00
F85         6.579e-01 5.514e-02 1.233e-03      1.233e-03
F86         2.647e-01 3.067e-02 6.858e-04      6.858e-04
F87         2.508e-01 3.209e-02 7.175e-04      7.175e-04
F88         1.098e-01 1.398e-02 3.126e-04      3.126e-04
F89         3.186e-01 2.123e-02 4.748e-04      4.748e-04
F90         3.202e-01 2.277e-02 5.091e-04      5.091e-04
F91         0.000e+00 0.000e+00 0.000e+00      0.000e+00
F92         0.000e+00 0.000e+00 0.000e+00      0.000e+00
F93         0.000e+00 0.000e+00 0.000e+00      0.000e+00
F94         3.753e-03 5.760e-04 1.288e-05      1.357e-05
F95         2.239e-02 2.267e-03 5.069e-05      5.069e-05
F96         2.570e-01 2.829e-02 6.326e-04      7.157e-04
F97         6.232e-01 5.224e-02 1.168e-03      1.168e-03
F98         2.941e-01 3.408e-02 7.620e-04      7.620e-04
F99         1.297e-01 1.660e-02 3.711e-04      3.711e-04
F100        1.235e-01 1.573e-02 3.517e-04      3.517e-04
F101        1.821e-01 1.213e-02 2.713e-04      2.713e-04
F102        6.404e-01 4.554e-02 1.018e-03      1.018e-03
F103        0.000e+00 0.000e+00 0.000e+00      0.000e+00
F104        0.000e+00 0.000e+00 0.000e+00      0.000e+00
F105        0.000e+00 0.000e+00 0.000e+00      0.000e+00
F106        4.691e-03 7.200e-04 1.610e-05      1.696e-05
 [ reached getOption("max.print") -- omitted 158 rows ]

2. Quantiles for each variable:

                  2.5%         25%         50%        75%      97.5%
NegLL        1.049e+04   1.050e+04   1.050e+04  1.051e+04  1.052e+04
log_M       -2.604e+00  -2.578e+00  -2.564e+00 -2.549e+00 -2.521e+00
log_q1      -4.763e+00  -4.591e+00  -4.501e+00 -4.427e+00 -4.299e+00
log_q2      -8.241e+00  -8.156e+00  -8.112e+00 -8.066e+00 -7.987e+00
log_q3      -4.222e+00  -4.117e+00  -4.056e+00 -4.002e+00 -3.904e+00
log_q4      -6.989e+00  -6.796e+00  -6.693e+00 -6.585e+00 -6.369e+00
Theta1      -4.856e+00  -4.018e+00  -3.603e+00 -3.209e+00 -2.546e+00
Theta2      -1.255e+00  -1.095e+00  -1.009e+00 -9.227e-01 -7.513e-01
Theta3      -1.928e-01  -2.906e-02   5.460e-02  1.289e-01  2.782e-01
Theta4      -1.608e+00  -1.355e+00  -1.220e+00 -1.068e+00 -7.590e-01
Theta5      -1.639e+00  -1.407e+00  -1.271e+00 -1.124e+00 -8.345e-01
Theta6      -3.537e+00  -2.219e+00  -1.505e+00 -8.259e-01  5.515e-01
Theta7       7.036e-01   8.319e-01   8.997e-01  9.730e-01  1.111e+00
Theta8       7.342e-03   1.127e-01   1.737e-01  2.327e-01  3.450e-01
Theta9      -1.282e-01  -1.829e-02   3.545e-02  9.464e-02  1.946e-01
Theta10     -7.450e-01  -6.295e-01  -5.676e-01 -5.068e-01 -3.881e-01
Theta11     -3.731e-01  -2.515e-01  -1.940e-01 -1.322e-01 -2.002e-02
Theta12     -2.657e-02   9.412e-02   1.525e-01  2.102e-01  3.311e-01
Theta13      1.191e-02   1.343e+00   2.024e+00  2.725e+00  4.058e+00
Theta14     -3.947e+00  -2.679e+00  -2.002e+00 -1.305e+00 -7.468e-02
Theta15     -4.634e+00  -4.419e+00  -4.315e+00 -4.194e+00 -3.976e+00
Theta16     -3.233e+00  -3.087e+00  -3.005e+00 -2.919e+00 -2.756e+00
Theta17     -1.130e+00  -9.574e-01  -8.595e-01 -7.655e-01 -5.906e-01
Theta18     -8.280e-01  -6.665e-01  -5.730e-01 -4.798e-01 -3.145e-01
Theta19     -9.735e-01  -7.944e-01  -7.036e-01 -5.995e-01 -4.185e-01
Theta20     -1.186e+00  -1.022e+00  -9.346e-01 -8.358e-01 -6.580e-01
Theta21      7.724e-01   8.989e-01   9.649e-01  1.033e+00  1.176e+00
Theta22      2.028e+00   2.153e+00   2.226e+00  2.297e+00  2.430e+00
Theta23      1.877e+00   2.237e+00   2.404e+00  2.589e+00  2.926e+00
Theta24      1.330e+00   1.611e+00   1.766e+00  1.919e+00  2.208e+00
Theta25     -1.401e-01   1.169e-01   2.525e-01  4.037e-01  6.613e-01
Theta26      1.300e+00   1.563e+00   1.716e+00  1.870e+00  2.165e+00
Theta27      5.697e-01   8.355e-01   9.674e-01  1.105e+00  1.352e+00
Theta28     -3.042e-01  -4.850e-02   8.938e-02  2.217e-01  4.909e-01
Theta29     -1.809e+00  -1.508e+00  -1.353e+00 -1.199e+00 -9.285e-01
log_k        9.163e-01   9.163e-01   9.163e-01  9.163e-01  9.163e-01
log_mig111   3.716e+00   5.125e+00   6.156e+00  7.420e+00  1.127e+01
log_mig121  -3.850e+00  -3.533e+00  -3.372e+00 -3.199e+00 -2.882e+00
log_mig131  -1.427e+00  -1.217e+00  -1.118e+00 -1.007e+00 -8.116e-01
log_mig141  -6.915e+02  -5.236e+02  -3.424e+02 -1.747e+02 -1.898e+01
log_mig113  -1.436e+01  -6.469e+00  -3.914e+00 -1.903e+00  2.183e+00
log_mig123  -8.741e+00  -7.884e+00  -7.490e+00 -7.128e+00 -6.580e+00
log_mig132   2.645e+00   2.784e+00   2.852e+00  2.918e+00  3.037e+00
log_mig142  -6.832e+02  -4.726e+02  -2.742e+02 -1.315e+02 -1.320e+01
log_mig114  -6.889e+02  -5.161e+02  -3.512e+02 -1.765e+02 -2.225e+01
log_mig124  -1.648e+02  -7.417e+01  -3.937e+01 -2.112e+01 -9.360e+00
log_mig134  -1.601e+00  -1.285e+00  -1.124e+00 -9.692e-01 -6.994e-01
log_mig144   5.199e+00   5.794e+00   6.089e+00  6.331e+00  6.722e+00
log_mig211   4.792e+00   5.387e+00   5.744e+00  6.170e+00  7.200e+00
log_mig221  -5.718e+00  -4.938e+00  -4.593e+00 -4.313e+00 -3.839e+00
log_mig231  -1.892e+01  -1.199e+01  -9.913e+00 -8.479e+00 -6.732e+00
log_mig241  -6.898e+02  -5.167e+02  -3.379e+02 -1.705e+02 -2.084e+01
log_mig213  -1.798e+01  -8.647e+00  -5.760e+00 -3.933e+00 -1.857e+00
log_mig223  -9.400e+00  -8.572e+00  -8.157e+00 -7.806e+00 -7.200e+00
log_mig232  -3.299e-01  -6.303e-02   8.616e-02  2.484e-01  5.572e-01
log_mig242  -6.793e+02  -4.955e+02  -3.139e+02 -1.539e+02 -1.492e+01
log_mig214  -6.907e+02  -5.319e+02  -3.472e+02 -1.690e+02 -1.413e+01
log_mig224  -1.134e+02  -5.275e+01  -3.127e+01 -1.795e+01 -8.809e+00
log_mig234  -8.930e+00  -6.450e+00  -5.579e+00 -4.909e+00 -3.842e+00
log_mig244   4.361e+00   4.941e+00   5.318e+00  5.738e+00  7.257e+00
log_mig311   5.828e+00   7.013e+00   7.907e+00  9.168e+00  1.275e+01
log_mig321  -7.269e+00  -6.324e+00  -5.774e+00 -5.259e+00 -4.469e+00
log_mig331  -1.936e+01  -1.259e+01  -1.035e+01 -8.818e+00 -7.095e+00
log_mig341  -6.887e+02  -5.215e+02  -3.483e+02 -1.916e+02 -2.610e+01
log_mig313  -1.391e+01  -6.071e+00  -3.413e+00 -1.450e+00  2.459e+00
log_mig323  -9.481e+00  -8.579e+00  -8.187e+00 -7.858e+00 -7.285e+00
log_mig332  -5.360e+00  -4.231e+00  -3.711e+00 -3.272e+00 -2.628e+00
log_mig342  -6.867e+02  -4.809e+02  -2.947e+02 -1.385e+02 -1.522e+01
log_mig314  -6.880e+02  -5.362e+02  -3.569e+02 -1.810e+02 -1.724e+01
log_mig324  -2.054e+02  -6.717e+01  -3.630e+01 -1.956e+01 -9.071e+00
log_mig334  -9.660e+00  -7.284e+00  -6.398e+00 -5.655e+00 -4.603e+00
log_mig344   4.513e+00   4.830e+00   5.052e+00  5.368e+00  6.269e+00
log_mig411   4.678e+00   5.682e+00   6.614e+00  7.769e+00  1.135e+01
log_mig421  -3.327e+00  -2.691e+00  -2.429e+00 -2.206e+00 -1.845e+00
log_mig431  -1.818e+01  -1.174e+01  -9.721e+00 -8.308e+00 -6.618e+00
log_mig441  -6.931e+02  -5.510e+02  -3.649e+02 -1.903e+02 -2.034e+01
log_mig413  -1.534e+01  -6.856e+00  -4.116e+00 -2.203e+00  1.513e+00
log_mig423  -8.867e+00  -7.996e+00  -7.622e+00 -7.269e+00 -6.684e+00
log_mig432  -7.370e+00  -3.957e+00  -3.258e+00 -2.861e+00 -2.328e+00
log_mig442  -6.863e+02  -4.918e+02  -3.112e+02 -1.393e+02 -1.287e+01
log_mig414  -6.867e+02  -5.108e+02  -3.327e+02 -1.621e+02 -1.787e+01
log_mig424  -1.560e+02  -6.133e+01  -3.613e+01 -2.021e+01 -8.316e+00
log_mig434  -8.845e+00  -6.695e+00  -5.777e+00 -5.001e+00 -3.938e+00
log_mig444   5.841e+00   6.710e+00   7.077e+00  7.470e+00  8.185e+00
log_mig511   3.728e+00   4.303e+00   4.641e+00  5.037e+00  6.233e+00
log_mig521  -5.277e+00  -4.343e+00  -3.916e+00 -3.525e+00 -2.804e+00
log_mig531  -1.790e+01  -1.127e+01  -9.086e+00 -7.737e+00 -5.957e+00
log_mig541  -6.914e+02  -5.238e+02  -3.452e+02 -1.691e+02 -1.848e+01
log_mig513  -1.766e+01  -8.078e+00  -5.244e+00 -3.557e+00 -1.449e+00
log_mig523  -7.900e+00  -7.024e+00  -6.630e+00 -6.243e+00 -5.621e+00
log_mig532  -8.069e+00  -4.736e+00  -3.685e+00 -3.029e+00 -2.312e+00
log_mig542  -6.864e+02  -4.876e+02  -2.935e+02 -1.341e+02 -1.313e+01
log_mig514  -6.892e+02  -5.138e+02  -3.404e+02 -1.788e+02 -1.953e+01
log_mig524  -1.563e+02  -6.365e+01  -3.449e+01 -1.860e+01 -7.196e+00
log_mig534  -8.203e+00  -5.753e+00  -4.853e+00 -4.165e+00 -3.065e+00
log_mig544   6.886e+00   7.925e+00   8.650e+00  9.504e+00  1.174e+01
log_mig611   2.664e-01   5.843e-01   7.664e-01  9.320e-01  1.266e+00
log_mig621  -1.879e+00  -1.672e+00  -1.573e+00 -1.480e+00 -1.310e+00
log_mig631  -5.746e+00  -4.826e+00  -4.438e+00 -4.104e+00 -3.522e+00
log_mig641  -7.754e+00  -6.746e+00  -6.314e+00 -5.945e+00 -5.322e+00
log_mig613   4.992e-01   7.649e-01   8.983e-01  1.039e+00  1.291e+00
log_mig623  -8.248e-01  -7.237e-01  -6.669e-01 -6.145e-01 -5.144e-01
log_mig632  -5.786e-01  -2.914e-01  -1.621e-01 -3.163e-02  2.280e-01
log_mig642  -3.500e+00  -3.136e+00  -2.969e+00 -2.802e+00 -2.508e+00
log_mig614  -5.752e+00  -4.694e+00  -4.254e+00 -3.827e+00 -3.174e+00
log_mig624  -8.438e+00  -7.487e+00  -7.036e+00 -6.638e+00 -5.982e+00
log_mig634  -4.577e+00  -4.200e+00  -4.012e+00 -3.832e+00 -3.496e+00
log_mig644  -2.185e+00  -2.007e+00  -1.916e+00 -1.819e+00 -1.642e+00
M            7.395e-02   7.593e-02   7.703e-02  7.818e-02  8.040e-02
Myr          8.874e-01   9.112e-01   9.243e-01  9.382e-01  9.648e-01
k            2.500e+00   2.500e+00   2.500e+00  2.500e+00  2.500e+00
Qtotal1      8.362e-05   2.000e-04   2.967e-04  4.413e-04  8.680e-04
Qtotal2      3.196e-03   3.705e-03   4.021e-03  4.325e-03  5.033e-03
Qtotal3      8.543e-03   1.014e-02   1.110e-02  1.194e-02  1.358e-02
Qtotal4      8.652e-03   1.055e-02   1.167e-02  1.279e-02  1.466e-02
Qtotal5      2.189e-03   2.830e-03   3.252e-03  3.760e-03  5.047e-03
Qtotal6      2.084e-03   2.695e-03   3.092e-03  3.594e-03  4.651e-03
Qtotal7      3.315e-04   1.203e-03   2.465e-03  4.824e-03  1.794e-02
Qtotal8      6.242e-04   6.978e-04   7.410e-04  7.848e-04  8.819e-04
Qtotal9      3.122e-04   3.415e-04   3.568e-04  3.729e-04  4.089e-04
Qtotal10     2.637e-04   2.871e-04   2.999e-04  3.140e-04  3.397e-04
Qtotal11     2.747e-04   2.985e-04   3.114e-04  3.253e-04  3.551e-04
Qtotal12     1.482e-04   1.614e-04   1.699e-04  1.786e-04  1.954e-04
Qtotal13     2.134e-04   2.351e-04   2.474e-04  2.603e-04  2.846e-04
Qtotal14     2.999e-04   3.321e-04   3.484e-04  3.676e-04  4.059e-04
Qtotal15     3.089e-04   1.151e-03   2.284e-03  4.569e-03  1.672e-02
Qtotal16     3.441e-04   1.192e-03   2.328e-03  4.645e-03  1.561e-02
Qtotal17     1.715e-04   2.103e-04   2.319e-04  2.559e-04  3.166e-04
Qtotal18     7.037e-04   8.005e-04   8.575e-04  9.141e-04  1.048e-03
Qtotal19     5.871e-03   6.776e-03   7.312e-03  7.870e-03  9.016e-03
Qtotal20     1.467e-02   1.630e-02   1.732e-02  1.828e-02  2.017e-02
Qtotal21     7.767e-03   9.010e-03   9.748e-03  1.052e-02  1.218e-02
Qtotal22     6.727e-03   7.854e-03   8.567e-03  9.367e-03  1.091e-02
Qtotal23     5.309e-03   6.243e-03   6.801e-03  7.421e-03  8.729e-03
Qtotal24     4.019e-02   4.331e-02   4.534e-02  4.753e-02  5.170e-02
Qtotal25     1.382e-01   1.521e-01   1.600e-01  1.678e-01  1.824e-01
Qtotal26     8.715e-03   1.176e-02   1.389e-02  1.625e-02  2.200e-02
Qtotal27     4.980e-03   6.353e-03   7.274e-03  8.310e-03  1.079e-02
Qtotal28     1.185e-03   1.424e-03   1.597e-03  1.811e-03  2.255e-03
Qtotal29     9.220e-04   1.119e-03   1.240e-03  1.381e-03  1.713e-03
Qtotal30     4.744e-03   5.999e-03   6.880e-03  7.905e-03  1.092e-02
Qtotal31     2.477e-03   2.967e-03   3.258e-03  3.604e-03  4.453e-03
Qtotal32     1.018e-03   1.232e-03   1.358e-03  1.502e-03  1.828e-03
Qtotal33     2.173e-04   2.800e-04   3.202e-04  3.645e-04  4.692e-04
F1           3.332e-01   3.954e-01   4.328e-01  4.658e-01  5.294e-01
F2           2.509e-01   3.059e-01   3.384e-01  3.710e-01  4.252e-01
F3           6.128e-02   7.925e-02   9.107e-02  1.053e-01  1.413e-01
F4           0.000e+00   0.000e+00   0.000e+00  0.000e+00  0.000e+00
F5           0.000e+00   0.000e+00   0.000e+00  0.000e+00  0.000e+00
F6           0.000e+00   0.000e+00   0.000e+00  0.000e+00  0.000e+00
F7           0.000e+00   0.000e+00   0.000e+00  0.000e+00  0.000e+00
F8           0.000e+00   0.000e+00   0.000e+00  0.000e+00  0.000e+00
F9           0.000e+00   0.000e+00   0.000e+00  0.000e+00  0.000e+00
F10          0.000e+00   0.000e+00   0.000e+00  0.000e+00  0.000e+00
F11          0.000e+00   0.000e+00   0.000e+00  0.000e+00  0.000e+00
F12          3.835e-02   4.447e-02   4.825e-02  5.191e-02  6.039e-02
F13          2.990e-01   3.548e-01   3.884e-01  4.181e-01  4.751e-01
F14          3.721e-01   4.536e-01   5.018e-01  5.500e-01  6.305e-01
F15          6.128e-02   7.925e-02   9.107e-02  1.053e-01  1.413e-01
F16          4.793e-02   6.199e-02   7.111e-02  8.266e-02  1.070e-01
F17          0.000e+00   0.000e+00   0.000e+00  0.000e+00  0.000e+00
F18          0.000e+00   0.000e+00   0.000e+00  0.000e+00  0.000e+00
F19          0.000e+00   0.000e+00   0.000e+00  0.000e+00  0.000e+00
F20          0.000e+00   0.000e+00   0.000e+00  0.000e+00  0.000e+00
F21          0.000e+00   0.000e+00   0.000e+00  0.000e+00  0.000e+00
F22          0.000e+00   0.000e+00   0.000e+00  0.000e+00  0.000e+00
F23          2.509e-04   6.001e-04   8.900e-04  1.324e-03  2.604e-03
F24          7.031e-02   8.152e-02   8.846e-02  9.516e-02  1.107e-01
F25          2.990e-01   3.548e-01   3.884e-01  4.181e-01  4.751e-01
F26          3.461e-01   4.219e-01   4.668e-01  5.117e-01  5.865e-01
F27          8.098e-02   1.047e-01   1.203e-01  1.391e-01  1.867e-01
F28          3.126e-02   4.043e-02   4.638e-02  5.391e-02  6.977e-02
F29          0.000e+00   0.000e+00   0.000e+00  0.000e+00  0.000e+00
F30          0.000e+00   0.000e+00   0.000e+00  0.000e+00  0.000e+00
F31          0.000e+00   0.000e+00   0.000e+00  0.000e+00  0.000e+00
F32          0.000e+00   0.000e+00   0.000e+00  0.000e+00  0.000e+00
F33          0.000e+00   0.000e+00   0.000e+00  0.000e+00  0.000e+00
F34          0.000e+00   0.000e+00   0.000e+00  0.000e+00  0.000e+00
F35          0.000e+00   0.000e+00   0.000e+00  0.000e+00  0.000e+00
F36          1.406e-01   1.630e-01   1.769e-01  1.903e-01  2.214e-01
F37          4.272e-01   5.069e-01   5.548e-01  5.972e-01  6.788e-01
F38          3.115e-01   3.797e-01   4.201e-01  4.605e-01  5.279e-01
F39          4.158e-02   5.378e-02   6.180e-02  7.144e-02  9.590e-02
F40          6.043e-02   7.816e-02   8.966e-02  1.042e-01  1.349e-01
F41          0.000e+00   0.000e+00   0.000e+00  0.000e+00  0.000e+00
F42          0.000e+00   0.000e+00   0.000e+00  0.000e+00  0.000e+00
F43          4.773e-02   5.196e-02   5.429e-02  5.683e-02  6.148e-02
F44          5.220e-02   5.671e-02   5.918e-02  6.181e-02  6.746e-02
F45          2.476e-02   2.695e-02   2.837e-02  2.982e-02  3.263e-02
F46          3.713e-02   4.091e-02   4.305e-02  4.529e-02  4.951e-02
F47          3.149e-02   3.487e-02   3.658e-02  3.860e-02  4.262e-02
F48          0.000e+00   0.000e+00   0.000e+00  0.000e+00  0.000e+00
F49          0.000e+00   0.000e+00   0.000e+00  0.000e+00  0.000e+00
F50          0.000e+00   0.000e+00   0.000e+00  0.000e+00  0.000e+00
F51          0.000e+00   0.000e+00   0.000e+00  0.000e+00  0.000e+00
F52          0.000e+00   0.000e+00   0.000e+00  0.000e+00  0.000e+00
F53          2.247e-02   2.512e-02   2.668e-02  2.825e-02  3.175e-02
F54          6.243e-02   6.829e-02   7.136e-02  7.459e-02  8.179e-02
F55          5.801e-02   6.316e-02   6.599e-02  6.907e-02  7.473e-02
F56          5.632e-02   6.119e-02   6.385e-02  6.669e-02  7.279e-02
 [ reached getOption("max.print") -- omitted 208 rows ]


=== EFFECTIVE SAMPLE SIZE (ESS) ===
     NegLL      log_M     log_q1     log_q2     log_q3     log_q4 
 735.02602 2000.00000 1820.70476 2000.00000 2000.00000 2000.00000 
    Theta1     Theta2     Theta3     Theta4     Theta5     Theta6 
2000.00000 2176.91903 2000.00000 1644.00798 1853.67352 2000.00000 
    Theta7     Theta8     Theta9    Theta10    Theta11    Theta12 
2000.00000 2000.00000 2000.00000 2000.00000 2000.00000 1806.62069 
   Theta13    Theta14    Theta15    Theta16    Theta17    Theta18 
1826.64568 2000.00000 1909.22837 2000.00000 1532.75392 2000.00000 
   Theta19    Theta20    Theta21    Theta22    Theta23    Theta24 
1796.19971 2000.00000 2555.44645 2000.00000 2000.00000 2000.00000 
   Theta25    Theta26    Theta27    Theta28    Theta29      log_k 
2000.00000 2000.00000 2000.00000 2000.00000 2000.00000    0.00000 
log_mig111 log_mig121 log_mig131 log_mig141 log_mig113 log_mig123 
1172.55030 2000.00000 1734.53871 1202.28303  882.08168 2000.00000 
log_mig132 log_mig142 log_mig114 log_mig124 log_mig134 log_mig144 
2000.00000  139.22464 1481.04721   70.05541 1907.49889 1097.75725 
log_mig211 log_mig221 log_mig231 log_mig241 log_mig213 log_mig223 
1807.87550 1618.42873  927.80179 1232.29683  739.98608 1613.27989 
log_mig232 log_mig242 log_mig214 log_mig224 log_mig234 log_mig244 
1798.04374  133.43268 1565.53499  178.40020 1599.19855  843.16602 
log_mig311 log_mig321 log_mig331 log_mig341 log_mig313 log_mig323 
1234.34942 2000.00000  860.54274  990.55825 1066.59690 1474.70273 
log_mig332 log_mig342 log_mig314 log_mig324 log_mig334 log_mig344 
1318.45232  135.58314 1564.55996   40.39945 1391.60274  929.20362 
log_mig411 log_mig421 log_mig431 log_mig441 log_mig413 log_mig423 
 909.52186 1365.76002  732.32580 1241.26236  739.65329 2000.00000 
log_mig432 log_mig442 log_mig414 log_mig424 log_mig434 log_mig444 
 230.61316  118.98289 1449.97735   66.27995 1749.14945 1748.10983 
log_mig511 log_mig521 log_mig531 log_mig541 log_mig513 log_mig523 
1746.14394 1826.80526  887.10551 1208.64693  519.29646 2000.00000 
log_mig532 log_mig542 log_mig514 log_mig524 log_mig534 log_mig544 
 602.68249  155.72944 1571.95469   78.34949 1758.34583 1693.43794 
log_mig611 log_mig621 log_mig631 log_mig641 log_mig613 log_mig623 
1873.70157 1679.15290 1873.56686 2000.00000 2000.00000 1826.65456 
log_mig632 log_mig642 log_mig614 log_mig624 log_mig634 log_mig644 
1931.38756 2000.00000 1633.51772 2000.00000 2000.00000 2000.00000 
         M        Myr          k    Qtotal1    Qtotal2    Qtotal3 
2000.00000 2000.00000    0.00000 2000.00000 1671.11457 1837.18458 
   Qtotal4    Qtotal5    Qtotal6    Qtotal7    Qtotal8    Qtotal9 
1614.75429 1638.80904 1786.18102 2149.21763 2000.00000 2000.00000 
  Qtotal10   Qtotal11   Qtotal12   Qtotal13   Qtotal14   Qtotal15 
2000.00000 2000.00000 2000.00000 1555.15907 1839.86902 2000.00000 
  Qtotal16   Qtotal17   Qtotal18   Qtotal19   Qtotal20   Qtotal21 
2000.00000 1802.01521 2000.00000 1562.63915 2000.00000 2000.00000 
  Qtotal22   Qtotal23   Qtotal24   Qtotal25   Qtotal26   Qtotal27 
2000.00000 2000.00000 2000.00000 2000.00000 2000.00000 2000.00000 
  Qtotal28   Qtotal29   Qtotal30   Qtotal31   Qtotal32   Qtotal33 
2000.00000 2000.00000 1725.06133 3101.19085 2000.00000 1826.66203 
        F1         F2         F3         F4         F5         F6 
1837.18571 1614.75146 1638.80846    0.00000    0.00000    0.00000 
        F7         F8         F9        F10        F11        F12 
   0.00000    0.00000    0.00000    0.00000    0.00000 1671.11599 
       F13        F14        F15        F16        F17        F18 
1837.18661 1614.75161 1638.80846 1786.18163    0.00000    0.00000 
       F19        F20        F21        F22        F23        F24 
   0.00000    0.00000    0.00000    0.00000 2000.00000 1671.11303 
       F25        F26        F27        F28        F29        F30 
1837.18661 1614.75143 1638.80962 1786.18064    0.00000    0.00000 
       F31        F32        F33        F34        F35        F36 
   0.00000    0.00000    0.00000    0.00000    0.00000 1671.11455 
       F37        F38        F39        F40        F41        F42 
1837.18656 1614.75100 1638.80898 1786.18091    0.00000    0.00000 
       F43        F44        F45        F46        F47        F48 
2000.00000 2000.00000 2000.00000 1555.15745 1839.86818    0.00000 
       F49        F50        F51        F52        F53        F54 
   0.00000    0.00000    0.00000    0.00000 2000.00000 2000.00000 
       F55        F56        F57        F58        F59        F60 
2000.00000 2000.00000 2000.00000 1555.15880 1839.86862    0.00000 
       F61        F62        F63        F64        F65        F66 
   0.00000    0.00000    0.00000    0.00000 2000.00000 2000.00000 
       F67        F68        F69        F70        F71        F72 
2000.00000 2000.00000 2000.00000 1555.15616 1839.86922    0.00000 
       F73        F74        F75        F76        F77        F78 
   0.00000    0.00000    0.00000    0.00000 2000.00000 2000.00000 
       F79        F80        F81        F82        F83        F84 
2000.00000 2000.00000 2000.00000 1555.15629 1839.86817    0.00000 
       F85        F86        F87        F88        F89        F90 
2000.00000 2000.00000 2000.00000 2000.00000 2000.00000 2000.00000 
       F91        F92        F93        F94        F95        F96 
   0.00000    0.00000    0.00000 1802.01600 2000.00000 1562.63901 
       F97        F98        F99       F100       F101       F102 
2000.00000 2000.00000 2000.00000 2000.00000 2000.00000 2000.00000 
      F103       F104       F105       F106       F107       F108 
   0.00000    0.00000    0.00000 1802.01603 2000.00000 1562.64186 
      F109       F110       F111       F112       F113       F114 
2000.00000 2000.00000 2000.00000 2000.00000 2000.00000 2000.00000 
      F115       F116       F117       F118       F119       F120 
   0.00000    0.00000    0.00000 1802.01488 2000.00000 1562.63650 
      F121       F122       F123       F124       F125       F126 
2000.00000 2000.00000 2000.00000 2000.00000 2000.00000 2000.00000 
      F127       F128       F129       F130       F131       F132 
2000.00000 1725.06165 3101.18952 2000.00000 1826.66166    0.00000 
      F133       F134       F135       F136       F137       F138 
   0.00000    0.00000    0.00000    0.00000 2000.00000 2000.00000 
      F139       F140       F141       F142       F143       F144 
2000.00000 1725.06077 3101.18166 2000.00000 1826.66166    0.00000 
      F145       F146       F147       F148       F149       F150 
   0.00000    0.00000    0.00000 2000.00000 2000.00000 2000.00000 
      F151       F152       F153       F154       F155       F156 
2000.00000 1725.06153 3101.18893 2000.00000 1826.66186    0.00000 
      F157       F158       F159       F160       F161       F162 
   0.00000    0.00000    0.00000    0.00000 2000.00000 2000.00000 
      F163       F164       F165       F166       F167       F168 
2000.00000 1725.06127 3101.18166 2000.00000 1826.66255    0.00000 
    Mig111     Mig121     Mig131     Mig141     Mig112     Mig122 
1630.87731 2000.00000 1704.42597 2000.00000 1630.16270 2000.00000 
    Mig132     Mig142     Mig113     Mig123     Mig133     Mig143 
2000.00000 1838.57025 1947.99670 2000.00000 2000.00000  987.43736 
    Mig114     Mig124     Mig134     Mig144     Mig211     Mig221 
2000.00000 1510.24148 1781.91158  988.09877 1787.00431 1743.09283 
    Mig231     Mig241     Mig212     Mig222     Mig232     Mig242 
1744.22328 2000.00000 1788.58025 1738.68014 1769.17422 1565.83150 
    Mig213     Mig223     Mig233     Mig243     Mig214     Mig224 
1844.99048 2000.00000 1772.53268 1092.96623 1672.40777 2000.00000 
    Mig234     Mig244     Mig311     Mig321     Mig331     Mig341 
1685.43446 1093.19441 1829.26970 2000.00000 1817.25434 2000.00000 
    Mig312     Mig322     Mig332     Mig342     Mig313     Mig323 
1820.82994 2000.00000 1324.18455 2000.00000 2000.00000 1414.41372 
    Mig333     Mig343     Mig314     Mig324     Mig334     Mig344 
1300.50479 1039.56030 2000.00000 1213.68231 1661.73911 1039.58314 
    Mig411     Mig421     Mig431     Mig441     Mig412     Mig422 
1681.33163 1643.34613 1766.74864 2000.00000 1681.70356 1641.76054 
    Mig432     Mig442     Mig413     Mig423     Mig433     Mig443 
 499.84197 2000.00000 1874.34283 2000.00000  539.40333 1693.63414 
    Mig414     Mig424     Mig434     Mig444     Mig511     Mig521 
2000.00000 1606.81120 2000.00000 1695.83136 2000.00000 2000.00000 
    Mig531     Mig541     Mig512     Mig522     Mig532     Mig542 
2000.00000 2000.00000 2000.00000 2000.00000  693.84241 2000.00000 
    Mig513     Mig523     Mig533     Mig543     Mig514     Mig524 
2000.00000 2000.00000  697.73151 2000.00000 2000.00000 2000.00000 
    Mig534     Mig544     Mig611     Mig621     Mig631     Mig641 
2043.23523 2000.00000 1835.10039 1755.44863 2000.00000 2000.00000 
    Mig612     Mig622     Mig632     Mig642     Mig613     Mig623 
2000.00000 1668.98507 2071.09892 2000.00000 2000.00000 1855.16885 
    Mig633     Mig643     Mig614     Mig624     Mig634     Mig644 
2082.28910 2000.00000 1722.73457 2230.74507 2000.00000 2000.00000 

=== GEWEKE CONVERGENCE DIAGNOSTIC ===

Fraction in 1st window = 0.1
Fraction in 2nd window = 0.5 

     NegLL      log_M     log_q1     log_q2     log_q3     log_q4 
 0.9114663 -0.7273649 -0.1958586 -0.1164399  0.0942388  0.6356227 
    Theta1     Theta2     Theta3     Theta4     Theta5     Theta6 
-1.4531458  0.0939574  1.8484592 -0.9758562 -0.9251507 -1.7464138 
    Theta7     Theta8     Theta9    Theta10    Theta11    Theta12 
 1.1917487  1.3952099  1.2204763  0.1798241  1.6062679  1.1304287 
   Theta13    Theta14    Theta15    Theta16    Theta17    Theta18 
 1.1034781 -1.4110939 -0.1978689  0.7414527  1.2255226 -0.0361133 
   Theta19    Theta20    Theta21    Theta22    Theta23    Theta24 
-1.2073124 -0.5300391  0.1529088 -0.0327584 -0.5479571 -0.1557528 
   Theta25    Theta26    Theta27    Theta28    Theta29      log_k 
 0.0798765 -0.1486622 -0.2879055 -0.3698076  0.9721989        NaN 
log_mig111 log_mig121 log_mig131 log_mig141 log_mig113 log_mig123 
 0.3277731 -1.0428975  0.3332986  1.0754046  0.2525101 -1.0368878 
log_mig132 log_mig142 log_mig114 log_mig124 log_mig134 log_mig144 
 1.6374345 -1.2645416 -0.7705482  1.2491351  0.2388236  0.4937717 
log_mig211 log_mig221 log_mig231 log_mig241 log_mig213 log_mig223 
-0.6044532  0.2430498 -0.0004626  0.0421894 -1.2661893  0.3541987 
log_mig232 log_mig242 log_mig214 log_mig224 log_mig234 log_mig244 
-1.7583999 -1.0558921 -3.1752334 -1.0294595  0.2480822  0.3989762 
log_mig311 log_mig321 log_mig331 log_mig341 log_mig313 log_mig323 
-0.6488111 -0.9010012  1.2959420  0.7243366 -0.8884026 -1.8423407 
log_mig332 log_mig342 log_mig314 log_mig324 log_mig334 log_mig344 
-0.5766281 -0.1619930 -0.3528423 -0.7495630 -0.2894936 -0.7320971 
log_mig411 log_mig421 log_mig431 log_mig441 log_mig413 log_mig423 
 0.4325031  1.9749932  0.0127726 -0.5066316 -0.2260129  0.4340457 
log_mig432 log_mig442 log_mig414 log_mig424 log_mig434 log_mig444 
 2.6847118  0.9331789 -0.2906005  1.1506270  1.9498533  0.4748952 
log_mig511 log_mig521 log_mig531 log_mig541 log_mig513 log_mig523 
-0.1295860 -0.0811670 -0.8970252 -1.0549994  0.8376099  1.6616716 
log_mig532 log_mig542 log_mig514 log_mig524 log_mig534 log_mig544 
-2.1542701 -0.6300231 -3.7476297  1.2619711  0.1578810 -0.6692478 
log_mig611 log_mig621 log_mig631 log_mig641 log_mig613 log_mig623 
 0.6842421 -0.2556772  1.2058007  0.1400967  0.6506786  0.5094257 
log_mig632 log_mig642 log_mig614 log_mig624 log_mig634 log_mig644 
-0.8686042 -0.4457143 -0.3507911  0.4542779 -2.5729683 -1.8395731 
         M        Myr          k    Qtotal1    Qtotal2    Qtotal3 
-0.7136425 -0.7136236        NaN -1.2152129 -0.2983498 -0.1818948 
   Qtotal4    Qtotal5    Qtotal6    Qtotal7    Qtotal8    Qtotal9 
 1.2102686 -1.0143363 -0.8758163 -1.5202283  1.1881171  2.0833396 
  Qtotal10   Qtotal11   Qtotal12   Qtotal13   Qtotal14   Qtotal15 
-0.0264231  1.4577645  0.1130703  1.5485199  1.7299075  1.1743379 
  Qtotal16   Qtotal17   Qtotal18   Qtotal19   Qtotal20   Qtotal21 
-1.7175304 -0.2018410  0.9785862  1.6271858  0.2439304  0.0867615 
  Qtotal22   Qtotal23   Qtotal24   Qtotal25   Qtotal26   Qtotal27 
-2.0231026 -0.8815023  0.4846828  0.1216312 -0.2178833  0.3749364 
  Qtotal28   Qtotal29   Qtotal30   Qtotal31   Qtotal32   Qtotal33 
 0.4242541  0.6315609  0.1079220  0.3361639  0.3320222  1.6897962 
        F1         F2         F3         F4         F5         F6 
-0.1819063  1.2102788 -1.0143394        NaN        NaN        NaN 
        F7         F8         F9        F10        F11        F12 
       NaN        NaN        NaN        NaN        NaN -0.2983591 
       F13        F14        F15        F16        F17        F18 
-0.1819016  1.2102751 -1.0143394 -0.8758169        NaN        NaN 
       F19        F20        F21        F22        F23        F24 
       NaN        NaN        NaN        NaN -1.2152184 -0.2983440 
       F25        F26        F27        F28        F29        F30 
-0.1819016  1.2102750 -1.0143316 -0.8758159        NaN        NaN 
       F31        F32        F33        F34        F35        F36 
       NaN        NaN        NaN        NaN        NaN -0.2984050 
       F37        F38        F39        F40        F41        F42 
-0.1819060  1.2102794 -1.0143382 -0.8758086        NaN        NaN 
       F43        F44        F45        F46        F47        F48 
-0.0264363  1.4577564  0.1130674  1.5485026  1.7299125        NaN 
       F49        F50        F51        F52        F53        F54 
       NaN        NaN        NaN        NaN  1.1881107  2.0833480 
       F55        F56        F57        F58        F59        F60 
-0.0264228  1.4577589  0.1130516  1.5485127  1.7299030        NaN 
       F61        F62        F63        F64        F65        F66 
       NaN        NaN        NaN        NaN  1.1881121  2.0833374 
       F67        F68        F69        F70        F71        F72 
-0.0264180  1.4577674  0.1130780  1.5485165  1.7298835        NaN 
       F73        F74        F75        F76        F77        F78 
       NaN        NaN        NaN        NaN  1.1881365  2.0833333 
       F79        F80        F81        F82        F83        F84 
-0.0264330  1.4577588  0.1130457  1.5485198  1.7298924        NaN 
       F85        F86        F87        F88        F89        F90 
 0.2439200  0.0867685 -2.0231215 -0.8814606  0.4846629  0.1216141 
       F91        F92        F93        F94        F95        F96 
       NaN        NaN        NaN -0.2018324  0.9785737  1.6271827 
       F97        F98        F99       F100       F101       F102 
 0.2439246  0.0867662 -2.0230948 -0.8814828  0.4846845  0.1216298 
      F103       F104       F105       F106       F107       F108 
       NaN        NaN        NaN -0.2018323  0.9785774  1.6271677 
      F109       F110       F111       F112       F113       F114 
 0.2439130  0.0867562 -2.0231185 -0.8815117  0.4846629  0.1216298 
      F115       F116       F117       F118       F119       F120 
       NaN        NaN        NaN -0.2018376  0.9786369  1.6271864 
      F121       F122       F123       F124       F125       F126 
 0.2439158  0.0867504 -2.0231187 -0.8815063  0.4846629  0.1216242 
      F127       F128       F129       F130       F131       F132 
 0.6315691  0.1079172  0.3361548  0.3320248  1.6897935        NaN 
      F133       F134       F135       F136       F137       F138 
       NaN        NaN        NaN        NaN  0.3749290  0.4242473 
      F139       F140       F141       F142       F143       F144 
 0.6315647  0.1079355  0.3361491  0.3320039  1.6897935        NaN 
      F145       F146       F147       F148       F149       F150 
       NaN        NaN        NaN -0.2178669  0.3749206  0.4242546 
      F151       F152       F153       F154       F155       F156 
 0.6315691  0.1079248  0.3361669  0.3320049  1.6897958        NaN 
      F157       F158       F159       F160       F161       F162 
       NaN        NaN        NaN        NaN  0.3749110  0.4242523 
      F163       F164       F165       F166       F167       F168 
 0.6315684  0.1079224  0.3361491  0.3320084  1.6897922        NaN 
    Mig111     Mig121     Mig131     Mig141     Mig112     Mig122 
 1.1607530 -1.2509712 -0.4451240 -1.2475392 -1.1590048  1.2889346 
    Mig132     Mig142     Mig113     Mig123     Mig133     Mig143 
 1.6292038 -0.3895863 -0.1823573 -1.2197465 -1.5940803 -0.1682475 
    Mig114     Mig124     Mig134     Mig144     Mig211     Mig221 
-1.4121230  0.7622729 -0.6182358  0.1696615 -0.1118756  0.4780608 
    Mig231     Mig241     Mig212     Mig222     Mig232     Mig242 
-0.1244161 -1.3892333  0.1223641 -0.4789824 -1.7268453 -1.3032830 
    Mig213     Mig223     Mig233     Mig243     Mig214     Mig224 
-0.4732937  0.6434619  1.7203195  0.0516456 -0.2272398 -2.6875012 
    Mig234     Mig244     Mig311     Mig321     Mig331     Mig341 
 0.1161618 -0.0508262 -0.2431878 -0.6767574  1.0366816 -1.2015946 
    Mig312     Mig322     Mig332     Mig342     Mig313     Mig323 
 0.2335321  0.8041345 -1.3334130 -1.9431877  0.3311205 -2.0455520 
    Mig333     Mig343     Mig314     Mig324     Mig334     Mig344 
 1.4125252  0.9064570 -1.1528531 -2.8694662 -0.8784713 -0.9047914 
    Mig411     Mig421     Mig431     Mig441     Mig412     Mig422 
-0.0859122  1.6619902  0.1775455  1.0199081  0.1299718 -1.6753412 
    Mig432     Mig442     Mig413     Mig423     Mig433     Mig443 
 2.1571790 -0.7458121 -1.3338200  0.9131678 -2.1689474 -0.5622015 
    Mig414     Mig424     Mig434     Mig444     Mig511     Mig521 
-2.0649393  0.6673032  0.2493924  0.5488686 -0.2216072 -0.1919575 
    Mig531     Mig541     Mig512     Mig522     Mig532     Mig542 
-0.2100817 -0.8738275  0.2009840  0.1113167 -2.2920021 -0.6888076 
    Mig513     Mig523     Mig533     Mig543     Mig514     Mig524 
-0.2097055  0.8976712  2.5432113  0.2236378  0.9538188  0.7150635 
    Mig534     Mig544     Mig611     Mig621     Mig631     Mig641 
-0.5201530 -0.2165000  0.5604146 -0.4811835  0.8855957  0.0465577 
    Mig612     Mig622     Mig632     Mig642     Mig613     Mig623 
-0.7451230 -0.1925237 -0.8077117 -0.2453717  0.2613944  0.6261440 
    Mig633     Mig643     Mig614     Mig624     Mig634     Mig644 
 0.8588925  1.6420687 -0.0831615 -0.0689679 -2.5919564 -1.7366202 

